0.000000 0.000000 0.000000 1.000000 0.000000 0.000000 0.000000
0.060000 0.000400 0.011978 1.025813 0.602477 0.054693 0.060248
0.120000 0.002353 0.043124 1.197124 1.000000 0.018817 0.114711
0.180000 0.005330 0.059412 1.383370 1.000000 0.009910 0.161236
0.240000 0.008687 0.059220 1.524854 0.864056 -0.056328 0.202476
0.300000 0.011958 0.055174 1.599998 0.481151 0.145706 0.240767
0.360000 0.017102 0.112134 1.599999 0.106009 0.095883 0.278281
0.420000 0.023819 0.143478 1.600000 0.484387 -0.252702 0.316119
0.480000 0.028466 0.051401 1.599993 0.188122 -0.174853 0.353648
0.540000 0.029966 -0.043613 1.599991 0.381014 0.100374 0.391242
0.600000 0.030265 -0.033484 1.599988 0.171879 0.078342 0.428676
0.660000 0.029650 -0.021164 1.600001 0.469091 -0.297132 0.466223
0.720000 0.025316 -0.122655 1.599994 0.281778 -0.179528 0.503797
0.780000 0.017150 -0.214051 1.599978 0.307059 0.167732 0.541662
0.840000 0.008194 -0.178384 1.599959 0.255204 0.065039 0.579577
0.900000 -0.000480 -0.126112 1.599952 0.272442 0.004607 0.617474
0.960000 -0.008107 -0.097481 1.600000 0.272479 0.068000 0.655271
1.020000 -0.014293 -0.079266 1.600000 0.269619 -0.103626 0.692968
1.080000 -0.021512 -0.134954 1.599999 0.365227 -0.235719 0.730746
1.140000 -0.031769 -0.224479 1.599999 0.220091 0.144411 0.768759
1.200000 -0.041463 -0.166979 1.599997 0.598952 0.450572 0.806798
1.260000 -0.046320 0.008648 1.599996 0.223095 0.108525 0.844384
1.320000 -0.046998 0.099170 1.599998 0.406914 -0.266994 0.881936
1.380000 -0.047160 0.024867 1.599994 0.178528 -0.049359 0.919392
1.440000 -0.046787 -0.005623 1.599995 0.476964 0.326044 0.956933
1.500000 -0.042495 0.124853 1.597492 0.669524 0.600002 0.994533
1.560000 -0.030725 0.349021 1.599999 0.880820 0.514367 1.032885
1.620000 -0.008543 0.601489 1.594485 0.717628 0.448377 1.072873
1.680000 0.028693 0.883001 1.538328 0.593068 0.435446 1.118010
1.740000 0.075591 1.008146 1.395364 0.111173 0.425556 1.166200
1.800000 0.104081 0.857960 1.268635 0.203594 0.439006 1.198811
1.860000 0.120885 0.663886 1.204964 0.454388 0.361657 1.223977
1.920000 0.130344 0.445539 1.158865 0.250661 0.535376 1.244350
1.980000 0.134685 0.218242 1.105915 0.245775 0.533270 1.262576
2.040000 0.135000 -0.008368 1.067227 0.425408 0.550734 1.280539
2.100000 0.131464 -0.225603 1.049822 0.617444 0.567475 1.299743
2.160000 0.123398 -0.423228 1.059140 0.837279 0.577619 1.321726
2.220000 0.109066 -0.585161 1.091372 0.848476 0.566768 1.348546
2.280000 0.085414 -0.683528 1.137511 0.829905 0.514658 1.383556
2.340000 0.049649 -0.717641 1.203342 0.808376 0.392755 1.429048
2.400000 0.006154 -0.436879 1.311732 0.847572 0.231091 1.487802
2.460000 -0.020457 -0.245902 1.422904 0.929267 0.210365 1.535950
2.520000 -0.035646 -0.099115 1.534039 0.991187 0.183795 1.577845
2.580000 -0.042219 0.034880 1.592770 0.685412 0.372182 1.616291
2.640000 -0.040828 0.180357 1.599998 0.309487 -0.003744 1.653883
2.700000 -0.035083 0.198264 1.599999 0.391655 -0.380351 1.691544
2.760000 -0.031522 0.020577 1.599002 0.727562 -0.600001 1.729152
2.820000 -0.035248 -0.236052 1.599999 0.814989 -0.513252 1.766789
2.880000 -0.048606 -0.491370 1.575578 0.637691 -0.426147 1.805296
2.940000 -0.075015 -0.765300 1.500499 0.527949 -0.415828 1.848263
3.000000 -0.098055 -0.736941 1.417570 0.408111 -0.408265 1.881081
3.060000 -0.114235 -0.635421 1.332186 0.295916 -0.414833 1.908924
3.120000 -0.125000 -0.501858 1.268617 0.546464 -0.428433 1.933979
3.180000 -0.131726 -0.353361 1.237928 0.655670 -0.446100 1.957377
3.240000 -0.135000 -0.197026 1.226349 0.732252 -0.469763 1.979679
3.300000 -0.135000 -0.040585 1.229135 0.792707 -0.475203 2.001600
3.360000 -0.131575 0.109592 1.243134 0.830600 -0.477455 2.023866
3.420000 -0.124244 0.246386 1.265590 0.846617 -0.462441 2.047429
3.480000 -0.112036 0.353788 1.296536 0.845606 -0.425219 2.074008
3.540000 -0.093354 0.372475 1.341607 0.836185 -0.353541 2.107682
3.600000 -0.072256 0.116269 1.416124 0.846852 -0.254058 2.155172
3.660000 -0.064584 -0.058618 1.488268 0.885098 -0.248716 2.196657
3.720000 -0.067129 -0.229239 1.559884 0.917861 -0.256485 2.236570
3.780000 -0.076153 -0.305676 1.598460 0.904153 -0.501033 2.271784
3.840000 -0.087683 -0.361466 1.600000 0.686655 -0.403545 2.304912
3.900000 -0.100715 -0.412233 1.599999 0.511456 -0.078269 2.337440
3.960000 -0.113760 -0.402420 1.600000 0.313617 0.057218 2.369097
4.020000 -0.124705 -0.298026 1.599891 0.347787 0.238823 2.399733
4.080000 -0.131325 -0.124576 1.600000 0.215279 -0.056672 2.429283
4.140000 -0.134262 -0.009488 1.600000 0.505897 -0.322204 2.458344
4.200000 -0.135000 0.006959 1.599999 0.673745 -0.600000 2.487186
4.260000 -0.134994 -0.042505 1.599998 0.656850 -0.401166 2.516057
4.320000 -0.135000 -0.106447 1.600000 0.424723 -0.194204 2.544879
4.380000 -0.135000 -0.143240 1.600000 0.557520 -0.121877 2.573752
4.440000 -0.135000 -0.143280 1.600000 0.442248 -0.132469 2.602571
4.500000 -0.135000 -0.120829 1.600000 0.566153 -0.170864 2.631439
4.560000 -0.135000 -0.096662 1.600000 0.563564 -0.332708 2.660213
4.620000 -0.135000 -0.086752 1.599999 0.396883 -0.064689 2.689134
4.680000 -0.134588 -0.077590 1.600000 0.242082 0.128021 2.721259
4.740000 -0.134356 -0.044253 1.599999 0.315925 0.083101 2.759412
4.800000 -0.134537 0.009983 1.599999 0.211670 -0.032208 2.796938
4.860000 -0.134608 0.014665 1.599998 0.321582 -0.049436 2.834477
4.920000 -0.134811 -0.005255 1.599998 0.207148 0.008406 2.871937
4.980000 -0.134980 -0.007319 1.600000 0.322543 0.038777 2.909461
5.040000 -0.134538 0.016812 1.600000 0.214509 0.059898 2.946672
5.100000 -0.133492 0.027087 1.600000 0.353621 -0.192781 2.984055
5.160000 -0.134308 -0.039799 1.599999 0.645589 -0.544403 3.019217
5.220000 -0.135000 -0.028049 1.599998 0.748720 -0.514926 3.044760
5.280000 -0.134760 -0.097545 1.600000 0.466920 -0.224958 3.073759
5.340000 -0.135000 -0.157219 1.600000 0.372183 0.079624 3.104217
5.400000 -0.135000 -0.126575 1.599999 0.402158 -0.051678 3.134651
5.460000 -0.135000 -0.071294 1.599999 0.434238 -0.191858 3.165015
5.520000 -0.135000 -0.045033 1.599999 0.462461 -0.258853 3.195306
5.580000 -0.135000 -0.051993 1.600000 0.425405 -0.220252 3.225519
5.640000 -0.134996 -0.069462 1.600000 0.425507 -0.183913 3.255656
5.700000 -0.135000 -0.080804 1.600000 0.418742 -0.162793 3.285710
5.760000 -0.135000 -0.082133 1.600000 0.436400 -0.171057 3.315682
5.820000 -0.135000 -0.078716 1.600000 0.440691 -0.188909 3.345564
5.880000 -0.135000 -0.076433 1.600000 0.456635 -0.202229 3.375360
5.940000 -0.135000 -0.077390 1.600000 0.455854 -0.207216 3.405060
6.000000 -0.135000 -0.080591 1.600000 0.467847 -0.206883 3.434667
6.060000 -0.135000 -0.084052 1.600000 0.468210 -0.208100 3.464170
6.120000 -0.135000 -0.086816 1.600000 0.483296 -0.211359 3.493573
6.180000 -0.135000 -0.088849 1.600000 0.487437 -0.218528 3.522865
6.240000 -0.135000 -0.090742 1.600000 0.503224 -0.223968 3.552048
6.300000 -0.135000 -0.093061 1.600000 0.517419 -0.240174 3.581111
6.360000 -0.135000 -0.095781 1.600000 0.500545 -0.212906 3.610054
6.420000 -0.134907 -0.095510 1.600000 0.535507 -0.245642 3.638864
6.480000 -0.134882 -0.100718 1.600001 0.806227 -0.496417 3.667516
6.540000 -0.135000 -0.110372 1.600004 0.665345 -0.353212 3.695337
6.600000 -0.133896 -0.066151 1.600003 0.575334 -0.232606 3.719596
6.660000 -0.130043 0.004052 1.600001 0.358218 0.005354 3.743392
6.720000 -0.122997 -0.019035 1.599995 0.338573 0.253618 3.779801
6.780000 -0.116431 0.085720 1.599987 0.235666 0.089798 3.817356
6.840000 -0.109418 0.150508 1.599986 0.333683 -0.207581 3.855109
6.900000 -0.103362 0.103223 1.599997 0.228856 0.024764 3.892787
6.960000 -0.097010 0.097985 1.599997 0.333188 0.143307 3.930523
7.020000 -0.089598 0.134434 1.599996 0.221167 -0.140598 3.968263
7.080000 -0.082961 0.109705 1.599995 0.324558 0.045340 4.006041
7.140000 -0.076676 0.089590 1.599995 0.240299 -0.164733 4.043695
7.200000 -0.072200 0.047557 1.599999 0.324503 0.153396 4.081333
7.260000 -0.066571 0.103471 1.599995 0.319829 0.216623 4.118987
7.320000 -0.056580 0.248652 1.599070 0.697559 0.514168 4.157039
7.380000 -0.038244 0.466866 1.599999 0.871349 0.574972 4.196297
7.440000 -0.008108 0.717863 1.600005 0.734200 0.319630 4.238297
7.500000 0.040326 0.998228 1.578700 0.668719 0.342673 4.286941
7.560000 0.087731 0.993932 1.540322 0.668176 0.367506 4.329457
7.620000 0.113864 0.818161 1.518111 0.688581 0.366655 4.355559
7.680000 0.127456 0.596123 1.506515 0.709356 0.366531 4.373592
7.740000 0.133810 0.357161 1.500128 0.728311 0.364174 4.388007
7.800000 0.135016 0.111988 1.496809 0.746346 0.361779 4.401117
7.860000 0.131439 -0.131336 1.496067 0.764995 0.354637 4.414693
7.920000 0.121946 -0.365451 1.498712 0.785872 0.347336 4.430618
7.980000 0.103178 -0.577038 1.507434 0.810369 0.339904 4.451957
8.040000 0.061571 -0.427252 1.540466 0.844716 0.323893 4.498052
8.100000 0.031530 -0.252963 1.578132 0.854524 0.326711 4.540874
8.160000 0.013251 -0.076859 1.600005 0.838801 0.418335 4.580340
8.220000 0.005512 0.101285 1.600005 0.802743 0.456895 4.618158
8.280000 0.007789 0.281528 1.600005 0.756110 0.289429 4.655765
8.340000 0.019860 0.439736 1.600004 0.373665 0.008009 4.694009
8.400000 0.039111 0.470692 1.600001 0.372702 -0.315708 4.733424
8.460000 0.059176 0.323359 1.599993 0.247006 -0.154353 4.772956
8.520000 0.077155 0.223439 1.599991 0.334852 0.237704 4.812161
8.580000 0.097057 0.333027 1.599985 0.694973 0.600014 4.851818
8.640000 0.116020 0.426987 1.599985 0.775003 0.555840 4.884750
8.700000 0.126842 0.353160 1.599880 0.771000 0.459488 4.906679
8.760000 0.132969 0.275114 1.600000 0.727583 0.330223 4.927242
8.820000 0.135000 0.187275 1.599156 0.674408 0.242797 4.947127
8.880000 0.133053 0.085108 1.600000 0.570548 0.043940 4.967013
8.940000 0.126505 -0.047517 1.599595 0.362513 -0.164095 4.987816
9.000000 0.113375 -0.247541 1.600000 0.488667 -0.398852 5.011292
9.060000 0.089034 -0.588456 1.599999 0.548584 -0.600000 5.039766
9.120000 0.030620 -0.999890 1.599991 0.755294 -0.398879 5.091858
9.180000 -0.040081 -1.118726 1.551357 0.508893 -0.277508 5.149565
9.240000 -0.084901 -1.056842 1.461245 0.452387 -0.368132 5.189858
9.300000 -0.110714 -0.898014 1.391013 0.470755 -0.326768 5.217830
9.360000 -0.125139 -0.692557 1.347378 0.515047 -0.329148 5.238578
9.420000 -0.132539 -0.463817 1.319769 0.565904 -0.328230 5.255458
9.480000 -0.135000 -0.224523 1.302668 0.620361 -0.334379 5.270692
9.540000 -0.133177 0.017335 1.293881 0.679363 -0.336358 5.285955
9.600000 -0.126598 0.254647 1.293830 0.743817 -0.350840 5.302930
9.660000 -0.113437 0.477385 1.307559 0.811989 -0.335266 5.323887
9.720000 -0.089732 0.667236 1.337355 0.866020 -0.431167 5.352352
9.780000 -0.045732 0.633115 1.444144 0.942825 -0.046130 5.400156
9.840000 0.003534 0.614116 1.583401 0.871042 0.466730 5.451442
9.900000 0.061503 0.924677 1.570886 0.345671 0.579541 5.503979
9.960000 0.098289 0.856844 1.457005 0.006993 0.540219 5.537847
10.020000 0.118627 0.718954 1.338060 -0.094137 0.519248 5.562493
10.080000 0.129311 0.534308 1.237632 -0.062328 0.502961 5.581970
10.140000 0.134245 0.331264 1.156923 0.113117 0.490989 5.599514
10.200000 0.135001 0.120999 1.095782 0.287064 0.483050 5.616909
10.260000 0.132040 -0.088556 1.053160 0.474458 0.488901 5.635649
10.320000 0.125076 -0.290035 1.035515 0.690055 0.500368 5.657208
10.380000 0.113076 -0.472986 1.046870 0.789649 0.512797 5.683161
10.440000 0.094004 -0.617890 1.084958 0.840446 0.507830 5.715572
10.500000 0.064758 -0.699079 1.151508 0.846208 0.444592 5.757022
10.560000 0.023551 -0.552233 1.262199 0.852733 0.286738 5.812964
10.620000 -0.008646 -0.311516 1.382861 0.910497 0.209455 5.864645
10.680000 -0.027338 -0.147294 1.494295 0.968357 0.216886 5.908362
10.740000 -0.036356 0.001882 1.578033 0.969826 0.375550 5.947813
10.800000 -0.036399 0.174608 1.599999 0.627913 0.420150 5.985449
10.860000 -0.027361 0.357646 1.599999 0.542122 0.097343 6.023478
10.920000 -0.010958 0.440660 1.600001 0.209475 -0.290527 6.062265
10.980000 0.007499 0.339093 1.599994 0.380634 -0.064931 6.101613
11.040000 0.026339 0.278333 1.599995 0.189412 0.196114 6.140815
11.100000 0.046445 0.326298 1.599991 0.367128 -0.048655 6.180457
11.160000 0.066064 0.319591 1.599999 0.197760 -0.137235 6.219836
11.220000 0.084314 0.277110 1.599998 0.351761 0.130253 6.259097
11.280000 0.103094 0.298665 1.599991 0.193336 -0.075707 6.298434
11.340000 0.121903 0.312714 1.599989 0.384622 0.205360 6.337890
11.400000 0.133787 0.225496 1.599984 0.191314 -0.028580 6.365647
11.460000 0.135000 -0.062854 1.597568 0.286672 -0.123046 6.377937
11.520000 0.129950 -0.363426 1.600000 0.348569 -0.062771 6.390944
11.580000 0.116001 -0.669811 1.599024 0.180936 0.104862 6.407707
11.640000 0.083650 -0.953767 1.599999 0.424242 0.108625 6.435149
11.700000 0.002211 -0.879034 1.600000 0.149736 -0.219477 6.498921
11.760000 -0.049280 -0.645651 1.599995 0.441916 0.240050 6.544874
11.820000 -0.069677 -0.301981 1.599977 0.151117 0.034578 6.573954
11.880000 -0.075034 0.029795 1.599726 0.373393 -0.041429 6.598060
11.940000 -0.068759 0.330636 1.599948 0.193676 -0.144350 6.622273
12.000000 -0.049504 0.367021 1.599948 0.351032 0.000968 6.658807
12.060000 -0.025668 0.374227 1.600001 0.224480 0.191517 6.698910
12.120000 0.000258 0.427759 1.599999 0.346740 -0.183230 6.739808
12.180000 0.025061 0.388619 1.599995 0.210536 0.045287 6.780351
12.240000 0.049741 0.378057 1.599994 0.321111 -0.031584 6.820956
12.300000 0.074670 0.394296 1.599994 0.230113 0.142813 6.861804
12.360000 0.096854 0.370817 1.600000 0.322740 -0.132062 6.898782
12.420000 0.113188 0.268875 1.599998 0.227080 -0.024440 6.932758
12.480000 0.124504 0.168647 1.599997 0.301805 0.039943 6.965143
12.540000 0.131481 0.089636 1.599994 0.229098 -0.033271 6.996561
12.600000 0.134352 0.017648 1.599993 0.330196 0.161042 7.027514
12.660000 0.135000 0.000014 1.600000 0.390915 0.276590 7.058315
12.720000 0.135000 0.031528 1.599999 0.410479 0.219274 7.089117
12.780000 0.134982 0.068821 1.599999 0.358497 0.133273 7.119905
12.840000 0.135000 0.082472 1.599999 0.389053 0.099526 7.150709
12.900000 0.135000 0.073529 1.599999 0.368769 0.132754 7.181495
12.960000 0.135000 0.061229 1.600000 0.405248 0.157717 7.212297
13.020000 0.134990 0.056362 1.600000 0.379464 0.175002 7.243084
13.080000 0.135000 0.059377 1.600000 0.399010 0.156727 7.273887
13.140000 0.135000 0.062805 1.600000 0.370421 0.152777 7.304674
13.200000 0.135000 0.064104 1.600000 0.398068 0.147140 7.335476
13.260000 0.134998 0.063336 1.600000 0.374903 0.156410 7.366263
13.320000 0.135000 0.062361 1.600000 0.389358 0.140354 7.397065
13.380000 0.134956 0.060474 1.600000 0.386681 0.171391 7.427867
13.440000 0.135000 0.063505 1.599999 0.394638 0.151555 7.458738
13.500000 0.134776 0.053086 1.599999 0.290803 0.037162 7.489228
13.560000 0.134945 0.069510 1.600001 0.311932 -0.243374 7.526757
13.620000 0.134680 -0.010119 1.599998 0.247689 0.074161 7.564141
13.680000 0.134613 -0.019386 1.599997 0.298101 0.059331 7.601652
13.740000 0.134782 0.004977 1.599997 0.230826 -0.016350 7.639129
13.800000 0.134865 0.006418 1.599996 0.299617 -0.039274 7.676653
13.860000 0.134732 -0.004610 1.600000 0.230150 0.040026 7.714128
13.920000 0.134842 0.001914 1.600000 0.298762 -0.016632 7.751653
13.980000 0.134849 0.000565 1.600000 0.229361 -0.002390 7.789129
14.040000 0.134821 -0.001295 1.600000 0.298004 0.005967 7.826653
14.100000 0.134816 -0.000317 1.600000 0.229688 -0.004581 7.864129
14.160000 0.134776 -0.000778 1.600000 0.297671 0.003709 7.901653
14.220000 0.134775 0.000452 1.600000 0.230022 0.003018 7.939129
14.280000 0.134826 0.001854 1.600000 0.297319 -0.002417 7.976652
14.340000 0.134878 0.001137 1.600000 0.230345 -0.002745 8.014123
14.400000 0.134846 -0.002163 1.600000 0.297522 -0.017373 8.051657
14.460000 0.134975 0.005125 1.600000 0.233822 0.056031 8.089820
14.520000 0.135000 -0.008549 1.600000 0.394922 0.236725 8.123065
14.580000 0.134977 0.022554 1.599999 0.292401 0.144041 8.155544
14.640000 0.135000 0.051153 1.599999 0.344866 0.076942 8.187927
14.700000 0.135000 0.054052 1.599999 0.294192 0.082297 8.220270
14.760000 0.135000 0.044991 1.600000 0.354830 0.104635 8.252645
14.820000 0.134999 0.038914 1.600000 0.300778 0.119158 8.284990
14.880000 0.135000 0.039453 1.600000 0.353598 0.113944 8.317366
14.940000 0.135000 0.041817 1.600000 0.297482 0.109025 8.349711
15.000000 0.135000 0.042982 1.600000 0.352313 0.106022 8.382086
15.060000 0.135000 0.042557 1.600000 0.298285 0.108307 8.414432
15.120000 0.135000 0.042005 1.600000 0.352687 0.108685 8.446807
15.180000 0.135000 0.041798 1.600000 0.299320 0.110893 8.479153
15.240000 0.135000 0.041957 1.600000 0.349894 0.104940 8.511527
15.300000 0.134986 0.041627 1.600000 0.303439 0.116005 8.543874
15.360000 0.135000 0.042566 1.600000 0.346803 0.101591 8.576248
15.420000 0.134989 0.041847 1.600000 0.304297 0.114615 8.608595
15.480000 0.135000 0.042352 1.600000 0.347741 0.105521 8.640969
15.540000 0.135000 0.042043 1.600000 0.302217 0.109895 8.673316
15.600000 0.135000 0.041981 1.599999 0.349081 0.108603 8.705690
15.660000 0.135000 0.041956 1.600000 0.302199 0.109648 8.738037
15.720000 0.135000 0.042084 1.600000 0.348557 0.108031 8.770410
15.780000 0.135000 0.042060 1.600000 0.303285 0.110732 8.802758
15.840000 0.135000 0.042044 1.600000 0.345084 0.103126 8.835131
15.900000 0.134973 0.041128 1.599999 0.305708 0.113720 8.867490
15.960000 0.134776 0.034629 1.600000 0.294724 0.008141 8.899941
16.020000 0.133394 -0.006102 1.600000 0.258343 -0.012439 8.932281
16.080000 0.131058 -0.019637 1.600000 0.286355 -0.121158 8.970028
16.140000 0.128161 -0.062375 1.599999 0.253610 0.091049 9.007491
16.200000 0.125478 -0.052681 1.599998 0.282319 -0.022102 9.045035
16.260000 0.121486 -0.086144 1.600001 0.427317 -0.353913 9.082593
16.320000 0.113218 -0.205672 1.599996 0.252535 0.024841 9.120468
16.380000 0.102546 -0.237764 1.599992 0.308134 0.122409 9.158577
16.440000 0.091667 -0.183624 1.599987 0.237527 0.076653 9.196667
16.500000 0.081697 -0.137435 1.599986 0.296620 -0.076839 9.234701
16.560000 0.071681 -0.156932 1.599999 0.244930 -0.066263 9.272704
16.620000 0.060993 -0.191624 1.599999 0.284911 0.024201 9.310810
16.680000 0.050088 -0.189974 1.599999 0.247802 0.054124 9.348910
16.740000 0.039633 -0.164459 1.599999 0.282745 0.014720 9.386989
16.800000 0.029741 -0.149495 1.599998 0.245996 -0.011868 9.424982
16.860000 0.019691 -0.168109 1.600000 0.315651 -0.156678 9.463013
16.920000 0.007731 -0.227649 1.599999 0.237252 0.033838 9.501238
16.980000 -0.004543 -0.215812 1.599999 0.355646 0.219839 9.539532
17.040000 -0.013840 -0.103520 1.599997 0.385108 0.264317 9.577474
17.100000 -0.017493 0.055112 1.599998 0.514598 0.274640 9.615079
17.160000 -0.013515 0.235965 1.600000 0.865470 0.579397 9.652683
17.220000 0.000010 0.441536 1.600000 0.797343 0.408885 9.691176
17.280000 0.025127 0.659980 1.600000 0.735414 0.306527 9.731895
17.340000 0.066726 0.899508 1.590306 0.723203 0.324757 9.778100
17.400000 0.104684 0.881152 1.576883 0.738639 0.360558 9.814907
17.460000 0.123080 0.676943 1.570363 0.751635 0.359682 9.835380
17.520000 0.131975 0.440671 1.567205 0.762132 0.362883 9.850286
17.580000 0.135000 0.195266 1.565621 0.771265 0.361618 9.863122
17.640000 0.133154 -0.051094 1.565353 0.780154 0.355936 9.875765
17.700000 0.125816 -0.290386 1.566658 0.789822 0.350663 9.890023
17.760000 0.110397 -0.512382 1.570413 0.801088 0.348051 9.908414
17.820000 0.080693 -0.696337 1.579349 0.814215 0.342444 9.935653
17.880000 0.025947 -0.568894 1.596090 0.820986 0.373839 9.984779
17.940000 -0.016245 -0.362019 1.600000 0.804124 0.425465 10.030714
18.000000 -0.043079 -0.171562 1.600000 0.785904 0.348681 10.071870
