77.088000 0 0.000000 16 0.000084
70.897000 5 240.766566 10 0.000029
57.976000 5 187.909156 10 0.000098
41.075000 5 188.798169 7 0.000009
30.379000 5 189.324448 5 0.000071
62.645000 5 187.735087 9 0.000061
49.403000 5 204.277926 7 0.000042
70.665000 11 337.139053 11 0.000021
38.969000 5 193.201331 6 0.000061
33.929000 6 204.827312 5 0.000026
60.653000 8 221.192795 8 0.000093
60.106000 5 182.268127 7 0.000055
38.586000 6 178.616574 5 0.000058
35.749000 6 173.077507 5 0.000050
66.232000 5 182.802607 7 0.000076
47.762000 5 172.823222 5 0.000034
30.407000 5 150.546406 4 0.000039
80.139000 5 150.257900 13 0.000058
60.260000 6 177.301230 8 0.000073
68.832000 6 172.472065 10 0.000089
82.504000 5 159.771755 11 0.000060
98.077000 5 188.586105 13 0.000080
53.513000 5 194.601843 9 0.000096
54.260000 10 259.754703 8 0.000097
78.609000 5 195.957427 12 0.000070
66.775000 5 190.740676 9 0.000090
46.560000 8 207.108006 9 0.000072
71.170000 12 359.584137 12 0.000076
63.691000 11 305.579861 11 0.000099
57.514000 5 228.427385 11 0.000031
30.485000 5 195.008088 6 0.000056
25.757000 5 185.189094 5 0.000089
33.175000 10 293.160191 5 0.000076
25.928000 5 202.997559 4 0.000028
31.548000 5 165.709851 4 0.000031
29.851000 5 153.980660 5 0.000056
26.905000 5 153.980808 5 0.000036
26.614000 5 153.752683 5 0.000022
34.673000 5 187.424733 5 0.000038
32.803000 5 187.475685 4 0.000099
43.234000 5 187.528307 5 0.000038
32.150000 5 168.612856 4 0.000021
28.699000 5 161.816338 4 0.000047
23.913000 5 161.787314 4 0.000020
36.531000 5 161.816141 7 0.000039
80.096000 5 161.799931 11 0.000034
82.270000 5 177.545165 12 0.000096
49.034000 5 189.666553 7 0.000095
27.555000 5 190.280926 4 0.000022
22.282000 5 190.096934 4 0.000062
17.002000 5 199.827505 4 0.000007
66.715000 9 215.806824 13 0.000084
