0.000000 -0.845743 1.097901 -0.785398 0.000000 
0.060000 -0.803317 1.055474 -0.785398 -0.000000 
0.120000 -0.760891 1.013048 -0.785398 -0.000000 
0.180000 -0.718464 0.970621 -0.785398 -0.000000 
0.240000 -0.676038 0.928195 -0.785398 0.000000 
0.300000 -0.633611 0.885769 -0.785398 -0.000000 
0.360000 -0.591185 0.843342 -0.785398 -0.000000 
0.420000 -0.548759 0.800916 -0.785398 -0.000000 
0.480000 -0.506332 0.758489 -0.785398 -0.000000 
0.540000 -0.463906 0.716063 -0.785398 0.000000 
0.600000 -0.421479 0.673637 -0.785398 0.000000 
0.660000 -0.379053 0.631210 -0.785398 0.000000 
0.720000 -0.336627 0.588784 -0.785398 0.000000 
0.780000 -0.294200 0.546357 -0.785398 0.000000 
0.840000 -0.251774 0.503931 -0.785398 0.000000 
0.900000 -0.209347 0.461505 -0.785398 0.000000 
0.960000 -0.166921 0.419078 -0.785398 -0.000000 
1.020000 -0.124494 0.376652 -0.785398 -0.000000 
1.080000 -0.082068 0.334225 -0.785398 -0.000000 
1.140000 -0.039642 0.291799 -0.785398 -0.000000 
1.200000 0.002785 0.249373 -0.785398 -0.000000 
1.260000 0.045211 0.206946 -0.785398 -0.000000 
1.320000 0.087638 0.164520 -0.785398 -0.000000 
1.380000 0.130064 0.122093 -0.785398 -0.000000 
1.440000 0.172490 0.079667 -0.785398 0.000003 
1.500000 0.214917 0.037240 -0.785401 0.000101 
1.560000 0.257343 -0.005186 -0.785435 0.002288 
1.620000 0.299765 -0.047617 -0.785854 0.044110 
1.680000 0.342127 -0.090104 -0.790695 0.785203 
1.740000 0.387784 -0.128869 -0.565457 5.309084 
1.800000 0.442549 -0.153001 -0.265375 5.022122 
1.860000 0.501990 -0.159878 0.034982 5.001366 
1.920000 0.560804 -0.148864 0.335293 5.003235 
1.980000 0.613728 -0.120946 0.635588 5.007607 
2.040000 0.656025 -0.078621 0.935872 5.007845 
2.100000 0.683908 -0.025679 1.236166 5.003432 
2.160000 0.694882 0.033142 1.536477 5.001607 
2.220000 0.687967 0.092579 1.836839 5.023632 
2.280000 0.663800 0.147329 2.136950 5.327470 
2.340000 0.625025 0.192981 2.360592 0.888621 
2.400000 0.582525 0.235330 2.356193 0.092467 
2.460000 0.540093 0.277751 2.356163 0.008698 
2.520000 0.497666 0.320177 2.356189 0.000772 
2.580000 0.455240 0.362603 2.356194 0.000067 
2.640000 0.412813 0.405030 2.356194 0.000010 
2.700000 0.370387 0.447456 2.356195 0.000087 
2.760000 0.327960 0.489882 2.356194 0.000921 
2.820000 0.285535 0.532310 2.356150 0.008842 
2.880000 0.243116 0.574744 2.355191 0.067540 
2.940000 0.200785 0.617265 2.327426 -3.117158 
3.000000 0.165416 0.665552 2.080084 -4.077247 
3.060000 0.142835 0.720989 1.835134 -4.081114 
3.120000 0.134371 0.780247 1.590199 -4.081250 
3.180000 0.140530 0.839789 1.345264 -4.081416 
3.240000 0.160943 0.896060 1.100329 -4.081627 
3.300000 0.194392 0.945701 0.855394 -4.081881 
3.360000 0.238881 0.985750 0.610458 -4.082175 
3.420000 0.291753 1.013815 0.365525 -4.081764 
3.480000 0.349853 1.028221 0.121298 -3.921063 
3.540000 0.409786 1.029993 0.000738 0.119893 
3.600000 0.469786 1.030000 -0.000018 -0.000988 
3.660000 0.529786 1.030000 0.000055 0.014817 
3.720000 0.589786 1.030001 -0.005014 -0.929673 
3.780000 0.649686 1.026946 -0.102120 -1.691869 
3.840000 0.708958 1.017777 -0.204771 -1.710457 
3.900000 0.766981 1.002587 -0.307347 -1.709324 
3.960000 0.823142 0.981535 -0.409919 -1.709429 
4.020000 0.876854 0.954843 -0.512489 -1.709356 
4.080000 0.927549 0.922792 -0.615061 -1.709359 
4.140000 0.974697 0.885719 -0.717631 -1.709426 
4.200000 1.017801 0.844013 -0.820202 -1.709312 
4.260000 1.056408 0.798113 -0.922773 -1.709520 
4.320000 1.090112 0.748501 -1.025344 -1.709289 
4.380000 1.118560 0.695698 -1.127915 -1.709628 
4.440000 1.141451 0.640261 -1.230486 -1.709281 
4.500000 1.158546 0.582771 -1.333055 -1.709344 
4.560000 1.169664 0.523833 -1.435633 -1.718187 
4.620000 1.174681 0.464066 -1.540304 -1.731782 
4.680000 1.174997 0.404068 -1.570232 0.006197 
4.740000 1.175000 0.344068 -1.570795 -0.002425 
4.800000 1.175000 0.284068 -1.570797 0.000065 
4.860000 1.175000 0.224068 -1.570796 0.000006 
4.920000 1.175000 0.164068 -1.570795 0.000048 
4.980000 1.175000 0.104068 -1.570805 -0.004229 
5.040000 1.174994 0.044068 -1.571575 0.043756 
5.100000 1.174652 -0.015924 -1.590517 0.193519 
5.160000 1.167244 -0.075290 -1.797899 0.198510 
5.220000 1.151796 -0.133246 -1.872721 -1.324629 
5.280000 1.131604 -0.189731 -1.955482 -1.384019 
5.340000 1.106800 -0.244348 -2.038834 -1.395488 
5.400000 1.077514 -0.296698 -2.122972 -1.409107 
5.460000 1.043912 -0.346388 -2.207945 -1.423208 
5.520000 1.006195 -0.393031 -2.293775 -1.437709 
5.580000 0.964599 -0.436250 -2.380492 -1.452725 
5.640000 0.919399 -0.475684 -2.468120 -1.468158 
5.700000 0.870905 -0.510987 -2.556692 -1.484101 
5.760000 0.819463 -0.541837 -2.646236 -1.500674 
5.820000 0.765457 -0.567936 -2.736787 -1.517595 
5.880000 0.709301 -0.589016 -2.828378 -1.535349 
5.940000 0.651444 -0.604840 -2.921044 -1.553569 
6.000000 0.592366 -0.615209 -3.014828 -1.572411 
6.060000 0.532574 -0.619966 -3.109767 -1.592100 
6.120000 0.472602 -0.618998 3.077280 -1.612640 
6.180000 0.413005 -0.612241 2.979895 -1.633674 
6.240000 0.354356 -0.599683 2.881213 -1.655628 
6.300000 0.297242 -0.581371 2.781184 -1.678540 
6.360000 0.242259 -0.557408 2.679749 -1.702448 
6.420000 0.190008 -0.527963 2.576849 -1.727324 
6.480000 0.141085 -0.493270 2.472450 -1.757469 
6.540000 0.096087 -0.453620 2.365001 -1.518927 
6.600000 0.054651 -0.410289 2.421740 2.817133 
6.660000 0.012104 -0.368012 2.344003 1.686663 
6.720000 -0.030345 -0.325607 2.355279 0.122948 
6.780000 -0.072772 -0.283182 2.356126 0.008962 
6.840000 -0.115199 -0.240756 2.356189 0.000653 
6.900000 -0.157625 -0.198329 2.356194 0.000048 
6.960000 -0.200052 -0.155903 2.356194 0.000003 
7.020000 -0.242478 -0.113477 2.356194 0.000000 
7.080000 -0.284904 -0.071050 2.356194 0.000000 
7.140000 -0.327331 -0.028624 2.356194 0.000000 
7.200000 -0.369757 0.013803 2.356195 0.000005 
7.260000 -0.412184 0.056229 2.356195 0.000065 
7.320000 -0.454610 0.098655 2.356201 0.000892 
7.380000 -0.497036 0.141082 2.356288 0.012241 
7.440000 -0.539461 0.183510 2.357434 0.167901 
7.500000 -0.581856 0.225967 2.372671 2.299360 
7.560000 -0.629627 0.262009 2.646595 4.958352 
7.620000 -0.685905 0.282345 2.944955 4.999891 
7.680000 -0.745677 0.285131 -3.038040 4.996695 
7.740000 -0.803597 0.270111 -2.737725 4.995212 
7.800000 -0.854483 0.238630 -2.437407 4.995590 
7.860000 -0.893780 0.193505 -2.137189 5.004410 
7.920000 -0.917986 0.138776 -1.838795 5.070317 
7.980000 -0.925101 0.079344 -1.578540 1.815946 
8.040000 -0.925006 0.019346 -1.571646 0.146131 
8.100000 -0.925000 -0.040654 -1.570881 0.011618 
8.160000 -0.925000 -0.100654 -1.570804 0.000915 
8.220000 -0.925000 -0.160654 -1.570797 0.000051 
8.280000 -0.925000 -0.220654 -1.570796 0.000005 
8.340000 -0.925000 -0.280654 -1.570796 0.000036 
8.400000 -0.925000 -0.340654 -1.570795 0.000445 
8.460000 -0.925000 -0.400654 -1.570788 0.005400 
8.520000 -0.925006 -0.460653 -1.570823 0.064128 
8.580000 -0.925082 -0.520652 -1.572899 0.738917 
8.640000 -0.921370 -0.580483 -1.410177 3.716371 
8.700000 -0.905621 -0.638302 -1.199920 3.527000 
8.760000 -0.878150 -0.691555 -0.989248 3.510741 
8.820000 -0.840154 -0.737888 -0.778608 3.511394 
8.880000 -0.793309 -0.775252 -0.567973 3.512543 
8.940000 -0.739688 -0.801998 -0.357263 3.526215 
9.000000 -0.681661 -0.816954 -0.146290 3.704611 
9.060000 -0.621789 -0.819978 0.004933 -0.536261 
9.120000 -0.562242 -0.825786 -0.240887 -5.050841 
9.180000 -0.506967 -0.848582 -0.541198 -4.999356 
9.240000 -0.460900 -0.886699 -0.841285 -4.998696 
9.300000 -0.428159 -0.936729 -1.141369 -5.000427 
9.360000 -0.411671 -0.994202 -1.441443 -5.001172 
9.420000 -0.412908 -1.053981 -1.741525 -4.998878 
9.480000 -0.431760 -1.110722 -2.041612 -4.999038 
9.540000 -0.466542 -1.159355 -2.341692 -5.001648 
9.600000 -0.514146 -1.195534 -2.641765 -4.999396 
9.660000 -0.570317 -1.216021 -2.941991 -4.923768 
9.720000 -0.630063 -1.219997 3.138711 0.572938 
9.780000 -0.690063 -1.220005 -3.139958 0.025412 
9.840000 -0.750030 -1.221511 -3.030874 4.555774 
9.900000 -0.807941 -1.236649 -2.745780 4.608613 
9.960000 -0.859421 -1.267203 -2.466150 4.644253 
10.020000 -0.900478 -1.310772 -2.186809 4.656247 
10.080000 -0.927929 -1.363974 -1.907503 4.653693 
10.140000 -0.939647 -1.422683 -1.628138 4.647410 
10.200000 -0.934722 -1.482346 -1.348747 4.646785 
10.260000 -0.913536 -1.538339 -1.069371 4.651874 
10.320000 -0.877733 -1.586320 -0.790036 4.661490 
10.380000 -0.830088 -1.622570 -0.510619 4.676984 
10.440000 -0.774295 -1.644305 -0.232197 4.885208 
10.500000 -0.714683 -1.650121 -0.002768 1.422055 
10.560000 -0.654685 -1.650006 -0.000819 0.136602 
10.620000 -0.594686 -1.650000 -0.000116 0.012092 
10.680000 -0.534686 -1.650000 -0.000011 0.000205 
10.740000 -0.474686 -1.650000 -0.000001 -0.000033 
10.800000 -0.414686 -1.650000 -0.000000 -0.000006 
10.860000 -0.354686 -1.650000 0.000000 -0.000001 
10.920000 -0.294686 -1.650000 0.000000 -0.000000 
10.980000 -0.234686 -1.650000 0.000000 0.000004 
11.040000 -0.174686 -1.650000 0.000000 0.000059 
11.100000 -0.114686 -1.650000 0.000002 0.000621 
11.160000 -0.054686 -1.650001 -0.000012 0.005949 
11.220000 0.005314 -1.650008 -0.000502 0.045147 
11.280000 0.065313 -1.650065 -0.008894 0.103617 
11.340000 0.125175 -1.646885 0.170615 5.654022 
11.400000 0.181854 -1.627653 0.476568 4.989245 
11.460000 0.230307 -1.592525 0.777590 4.986118 
11.520000 0.266191 -1.544629 1.078852 5.016408 
11.580000 0.286337 -1.488258 1.384895 5.874186 
11.640000 0.291162 -1.428477 1.470045 -7.161075 
11.700000 0.306406 -1.370671 1.162940 -4.998484 
11.760000 0.338054 -1.319953 0.862900 -5.000750 
11.820000 0.383278 -1.280854 0.562865 -4.999472 
11.880000 0.438038 -1.256868 0.262808 -5.001679 
11.940000 0.497441 -1.249963 0.000558 -0.938633 
12.000000 0.557441 -1.250001 -0.000087 0.024940 
12.060000 0.617441 -1.250000 0.000004 -0.000613 
12.120000 0.677441 -1.250000 -0.000000 0.000021 
12.180000 0.737441 -1.250000 -0.000001 -0.000668 
12.240000 0.797441 -1.250001 -0.000056 0.022518 
12.300000 0.857441 -1.249940 0.011482 0.954568 
12.360000 0.917357 -1.246989 0.089630 1.289722 
12.420000 0.976847 -1.239268 0.168842 1.323555 
12.480000 1.035536 -1.226848 0.248287 1.324529 
12.540000 1.093054 -1.209808 0.327762 1.324415 
12.600000 1.149037 -1.188255 0.407239 1.324435 
12.660000 1.203132 -1.162325 0.486716 1.324549 
12.720000 1.254999 -1.132182 0.566192 1.324684 
12.780000 1.304308 -1.098017 0.645668 1.324510 
12.840000 1.350749 -1.060045 0.725144 1.324416 
12.900000 1.394029 -1.018505 0.804621 1.324403 
12.960000 1.433874 -0.973661 0.884098 1.324470 
13.020000 1.470033 -0.925794 0.963575 1.324617 
13.080000 1.502278 -0.875208 1.043050 1.324605 
13.140000 1.530405 -0.822222 1.122527 1.324462 
13.200000 1.554236 -0.767170 1.202004 1.324394 
13.260000 1.573622 -0.710399 1.281481 1.324374 
13.320000 1.588439 -0.652269 1.360969 1.324611 
13.380000 1.598594 -0.593146 1.440557 1.336538 
13.440000 1.604029 -0.533403 1.520719 1.463281 
13.500000 1.605023 -0.473416 1.572880 0.102701 
13.560000 1.605002 -0.413416 1.570891 0.016158 
13.620000 1.605000 -0.353416 1.570796 0.001791 
13.680000 1.605000 -0.293416 1.570796 0.000174 
13.740000 1.605000 -0.233416 1.570796 0.000016 
13.800000 1.605000 -0.173416 1.570796 0.000001 
13.860000 1.605000 -0.113416 1.570796 0.000000 
13.920000 1.605000 -0.053416 1.570796 -0.000000 
13.980000 1.605000 0.006584 1.570796 0.000000 
14.040000 1.605000 0.066584 1.570796 0.000000 
14.100000 1.605000 0.126584 1.570796 0.000000 
14.160000 1.605000 0.186584 1.570796 -0.000002 
14.220000 1.605000 0.246584 1.570796 -0.000047 
14.280000 1.605000 0.306584 1.570794 -0.000520 
14.340000 1.604999 0.366584 1.570792 -0.005443 
14.400000 1.604993 0.426584 1.571027 -0.050691 
14.460000 1.604905 0.486584 1.582810 0.736563 
14.520000 1.602398 0.546524 1.643632 0.987159 
14.580000 1.596223 0.606199 1.704415 1.012776 
14.640000 1.586425 0.665387 1.765309 1.015211 
14.700000 1.573042 0.723869 1.826223 1.015202 
14.760000 1.556124 0.781427 1.887140 1.015183 
14.820000 1.535732 0.837849 1.948057 1.015207 
14.880000 1.511944 0.892925 2.008973 1.015267 
14.940000 1.484847 0.946450 2.069889 1.015288 
15.000000 1.454541 0.998226 2.130806 1.015218 
15.060000 1.421140 1.048062 2.191722 1.015185 
15.120000 1.384767 1.095771 2.252639 1.015187 
15.180000 1.345556 1.141178 2.313556 1.015224 
15.240000 1.303654 1.184113 2.374472 1.015298 
15.300000 1.259216 1.224418 2.435388 1.015259 
15.360000 1.212407 1.261943 2.496305 1.015202 
15.420000 1.163400 1.296548 2.557222 1.015181 
15.480000 1.112377 1.328106 2.618138 1.015196 
15.540000 1.059527 1.356499 2.679055 1.015247 
15.600000 1.005048 1.381622 2.739971 1.015313 
15.660000 0.949139 1.403382 2.800888 1.015233 
15.720000 0.892010 1.421697 2.861804 1.015184 
15.780000 0.833872 1.436501 2.922721 1.015126 
15.840000 0.774940 1.447738 2.983647 1.015006 
15.900000 0.715433 1.455366 3.044672 1.020636 
15.960000 0.655573 1.459360 3.106429 1.138677 
16.020000 0.595579 1.460015 -3.139850 0.039738 
16.080000 0.535579 1.460002 -3.141524 0.012713 
16.140000 0.475579 1.460000 3.141588 0.001621 
16.200000 0.415579 1.460000 3.141591 0.000167 
16.260000 0.355579 1.460000 3.141592 0.000005 
16.320000 0.295579 1.460000 3.141593 -0.000001 
16.380000 0.235579 1.460000 3.141593 -0.000000 
16.440000 0.175579 1.460000 -3.141593 -0.000000 
16.500000 0.115579 1.460000 -3.141593 -0.000000 
16.560000 0.055579 1.460000 -3.141593 0.000000 
16.620000 -0.004421 1.460000 -3.141593 0.000000 
16.680000 -0.064421 1.460000 -3.141593 -0.000000 
16.740000 -0.124421 1.460000 -3.141593 0.000000 
16.800000 -0.184421 1.460000 -3.141593 0.000000 
16.860000 -0.244421 1.460000 -3.141593 0.000000 
16.920000 -0.304421 1.460000 3.141593 0.000000 
16.980000 -0.364421 1.460000 3.141593 0.000000 
17.040000 -0.424421 1.460000 3.141592 -0.000012 
17.100000 -0.484421 1.460000 3.141591 -0.000193 
17.160000 -0.544421 1.460000 3.141592 -0.001776 
17.220000 -0.604421 1.459998 -3.141468 -0.011983 
17.280000 -0.664422 1.459986 -3.139288 0.010638 
17.340000 -0.724421 1.460013 -3.119468 2.365581 
17.400000 -0.783610 1.451226 -2.842134 4.909970 
17.460000 -0.837552 1.425325 -2.543764 4.998842 
17.520000 -0.881420 1.384630 -2.243584 4.997883 
17.580000 -0.911287 1.332781 -1.943274 4.995983 
17.640000 -0.924480 1.274417 -1.642957 4.996764 
17.700000 -0.919819 1.214760 -1.342806 5.018879 
17.760000 -0.897749 1.159124 -1.046009 5.237328 
17.820000 -0.839615 1.091772 -0.785398 -0.000000 
17.880000 -0.797189 1.049346 -0.785398 -0.000000 
17.940000 -0.754762 1.006920 -0.785398 0.000000 
18.000000 -0.712336 0.964493 -0.785398 -0.000000 
18.060000 -0.669909 0.922067 -0.785398 0.000000 
18.120000 -0.627483 0.879640 -0.785398 -0.000000 
18.180000 -0.585057 0.837214 -0.785398 0.000000 
18.240000 -0.542630 0.794787 -0.785398 -0.000000 
18.300000 -0.500204 0.752361 -0.785398 -0.000000 
18.360000 -0.457777 0.709935 -0.785398 0.000000 
18.420000 -0.415351 0.667508 -0.785398 0.000000 
18.480000 -0.372925 0.625082 -0.785398 0.000000 
18.540000 -0.330498 0.582655 -0.785398 0.000000 
18.600000 -0.288072 0.540229 -0.785398 0.000000 
18.660000 -0.245645 0.497803 -0.785398 0.000000 
18.720000 -0.203219 0.455376 -0.785398 0.000000 
18.780000 -0.160793 0.412950 -0.785398 0.000000 
18.840000 -0.118366 0.370523 -0.785398 -0.000000 
18.900000 -0.075940 0.328097 -0.785398 0.000000 
18.960000 -0.033513 0.285671 -0.785398 0.000000 
19.020000 0.008913 0.243244 -0.785398 0.000000 
19.080000 0.051339 0.200818 -0.785398 0.000000 
19.140000 0.093766 0.158391 -0.785398 0.000000 
19.200000 0.136192 0.115965 -0.785398 0.000002 
19.260000 0.178619 0.073539 -0.785398 0.000029 
19.320000 0.221045 0.031112 -0.785399 0.000463 
19.380000 0.263471 -0.011315 -0.785393 0.007322 
19.440000 0.305892 -0.053746 -0.785168 0.114226 
19.500000 0.348253 -0.096235 -0.779660 1.760818 
19.560000 0.395214 -0.133351 -0.520380 5.082561 
19.620000 0.450968 -0.155094 -0.221886 5.004911 
19.680000 0.510651 -0.159386 0.078340 4.995610 
19.740000 0.568932 -0.145833 0.378659 4.995376 
19.800000 0.620596 -0.115646 0.678978 4.996796 
19.860000 0.661017 -0.071527 0.979293 4.999226 
19.920000 0.686578 -0.017425 1.279601 5.002679 
19.980000 0.694992 0.041817 1.579922 5.009065 
20.040000 0.685504 0.100896 1.880535 5.052350 
20.100000 0.658977 0.154537 2.184243 5.580144 
20.160000 0.618855 0.199066 2.364599 0.035969 
20.220000 0.576395 0.241457 2.356729 0.031267 
20.280000 0.533964 0.283879 2.356220 0.004304 
20.340000 0.491538 0.326305 2.356195 0.000457 
20.400000 0.449111 0.368731 2.356194 0.000043 
20.460000 0.406685 0.411158 2.356195 0.000007 
20.520000 0.364258 0.453584 2.356196 0.000118 
20.580000 0.321832 0.496011 2.356205 0.001533 
20.640000 0.279406 0.538438 2.356264 0.017360 
20.700000 0.236991 0.580876 2.356290 0.186189 
20.760000 0.194940 0.623664 2.291760 -4.733848 
20.820000 0.161324 0.673194 2.044695 -4.084863 
20.880000 0.140719 0.729394 1.799751 -4.081650 
20.940000 0.134356 0.788915 1.554816 -4.081425 
21.000000 0.142617 0.848201 1.309881 -4.081257 
21.060000 0.165008 0.903715 1.064946 -4.081132 
21.120000 0.200192 0.952142 0.820012 -4.081051 
21.180000 0.246070 0.990592 0.575077 -4.081019 
21.240000 0.299902 1.016769 0.330144 -4.082256 
21.300000 0.358475 1.029118 0.085343 -4.376106 
21.360000 0.418453 1.030001 0.000604 -0.120845 
21.420000 0.478453 1.030000 -0.000009 0.001852 
21.480000 0.538453 1.030001 0.000129 -0.008376 
21.540000 0.598453 1.029918 -0.014658 -1.291434 
