0.000000 0.000000 0.000000 1.000000 0.000000 0.000000 0.000000
0.060000 0.000396 0.011848 1.025822 0.602475 0.054115 0.060247
0.120000 0.002343 0.043119 1.197114 1.000000 0.020903 0.114711
0.180000 0.005361 0.060616 1.383343 1.000000 0.011740 0.161238
0.240000 0.009063 0.070119 1.523483 0.847539 0.008493 0.202507
0.300000 0.013237 0.076472 1.597962 0.463710 0.007797 0.240889
0.360000 0.017832 0.083621 1.600000 0.088714 0.023557 0.278389
0.420000 0.022850 0.090028 1.599868 0.437924 -0.034808 0.316148
0.480000 0.027748 0.081091 1.600000 0.092673 0.007947 0.353651
0.540000 0.032623 0.078057 1.600001 0.434164 -0.005081 0.391399
0.600000 0.037403 0.077924 1.600000 0.094361 0.014819 0.428896
0.660000 0.042257 0.081603 1.600000 0.432588 -0.013359 0.466641
0.720000 0.047046 0.079857 1.600000 0.095900 0.008668 0.504140
0.780000 0.051888 0.080582 1.600000 0.430907 -0.007622 0.541883
0.840000 0.056683 0.079424 1.600000 0.097450 0.006724 0.579384
0.900000 0.061521 0.080697 1.600000 0.429294 -0.002632 0.617126
0.960000 0.066357 0.080773 1.600000 0.098984 0.001558 0.654630
1.020000 0.071220 0.081234 1.600000 0.427730 0.000905 0.692371
1.080000 0.076093 0.081205 1.600000 0.100554 -0.004921 0.729878
1.140000 0.080905 0.079108 1.600000 0.426205 -0.002886 0.767616
1.200000 0.085570 0.074671 1.600000 0.102826 -0.021717 0.805114
1.260000 0.090008 0.070453 1.600002 0.425813 0.042582 0.842832
1.320000 0.094922 0.088151 1.600000 0.108527 0.040836 0.880344
1.380000 0.100695 0.112565 1.600004 0.422849 0.014112 0.918133
1.440000 0.106672 0.104055 1.600002 0.152162 -0.196370 0.955697
1.500000 0.110385 0.026620 1.600001 0.437042 -0.056306 0.993396
1.560000 0.112426 -0.005691 1.600003 0.134212 0.202320 1.030758
1.620000 0.115979 0.077004 1.600001 0.498250 0.176345 1.068557
1.680000 0.124081 0.220005 1.589563 0.108883 0.215761 1.107494
1.740000 0.130718 0.180755 1.540381 -0.174498 -0.067620 1.135832
1.800000 0.130000 -0.100000 1.504164 -0.311231 0.017534 1.149505
1.860000 0.122904 -0.385060 1.446951 -0.467441 0.173744 1.165126
1.920000 0.106770 -0.647905 1.339754 -0.549733 0.388999 1.186652
1.980000 0.075887 -0.818173 1.127252 -0.449848 0.600000 1.222790
2.040000 0.031006 -0.773392 0.806371 -0.082093 0.600000 1.288721
2.100000 -0.004488 -0.567525 0.778098 0.812329 0.600000 1.378163
2.160000 -0.029193 -0.361839 0.951637 0.830673 0.600000 1.458503
2.220000 -0.046882 -0.192880 1.081612 0.802391 0.450208 1.530992
2.280000 -0.060419 -0.120413 1.229416 0.865503 0.215016 1.597992
2.340000 -0.077065 -0.183437 1.402636 0.974742 0.209545 1.660515
2.400000 -0.088477 -0.064072 1.528355 1.000000 0.207691 1.703760
2.460000 -0.092369 0.068608 1.598658 0.673809 0.265852 1.742316
2.520000 -0.088766 0.213135 1.600001 0.299971 0.177886 1.779700
2.580000 -0.078671 0.304203 1.600001 0.398734 -0.203447 1.817833
2.640000 -0.066218 0.255848 1.600000 0.174283 -0.008631 1.856072
2.700000 -0.053975 0.172440 1.600000 0.536534 -0.391698 1.894379
2.760000 -0.047563 -0.004400 1.600000 0.789624 -0.595244 1.932106
2.820000 -0.049623 -0.227659 1.600000 0.817455 -0.466882 1.969709
2.880000 -0.061344 -0.449568 1.585774 0.698835 -0.422711 2.007857
2.940000 -0.085473 -0.694839 1.499461 0.276921 -0.438536 2.050049
3.000000 -0.105073 -0.645993 1.373221 -0.033780 -0.435233 2.081119
3.060000 -0.118256 -0.536383 1.244824 0.031918 -0.446706 2.108592
3.120000 -0.126870 -0.403583 1.149683 0.293076 -0.468800 2.134707
3.180000 -0.132282 -0.262835 1.100433 0.549292 -0.500473 2.160329
3.240000 -0.135000 -0.120288 1.095615 0.798977 -0.530494 2.185298
3.300000 -0.134985 0.016823 1.115902 0.841542 -0.550312 2.209638
3.360000 -0.131931 0.142931 1.141359 0.850407 -0.565387 2.233941
3.420000 -0.125421 0.252860 1.167961 0.838965 -0.554618 2.259207
3.480000 -0.114815 0.331840 1.190120 0.813585 -0.600000 2.287225
3.540000 -0.099349 0.318584 1.228898 0.795569 -0.331025 2.322364
3.600000 -0.082025 0.100000 1.348599 0.797907 0.170324 2.372499
3.660000 -0.071913 0.099475 1.475194 1.000000 -0.258413 2.415373
3.720000 -0.068290 -0.021464 1.558341 1.000000 -0.600000 2.455373
3.780000 -0.070311 -0.132618 1.591702 0.914446 -0.532245 2.490393
3.840000 -0.074865 -0.228263 1.600000 0.803397 -0.491008 2.523502
3.900000 -0.081496 -0.318360 1.600000 0.716364 -0.247934 2.556278
3.960000 -0.090176 -0.384714 1.600000 0.695050 -0.246102 2.588723
4.020000 -0.100825 -0.425158 1.600000 0.692655 -0.176143 2.620829
4.080000 -0.112784 -0.427151 1.600000 0.377333 0.035523 2.652361
4.140000 -0.123705 -0.338648 1.600000 0.363702 0.287116 2.683051
4.200000 -0.130719 -0.155429 1.600000 0.219904 -0.009315 2.712694
4.260000 -0.134054 -0.019231 1.600000 0.472964 -0.300281 2.741791
4.320000 -0.135000 0.012386 1.600000 0.664276 -0.580289 2.770649
4.380000 -0.135000 -0.030742 1.600000 0.643325 -0.421916 2.799510
4.440000 -0.134939 -0.096242 1.600000 0.496987 -0.259470 2.828343
4.500000 -0.135000 -0.143149 1.600000 0.498513 -0.094839 2.857204
4.560000 -0.134999 -0.148578 1.600000 0.524112 -0.172853 2.885991
4.620000 -0.135000 -0.127087 1.600000 0.377120 0.014141 2.914897
4.680000 -0.134577 -0.084253 1.600000 0.275597 0.131893 2.947040
4.740000 -0.134275 -0.029662 1.600000 0.273160 0.075929 2.985164
4.800000 -0.134124 0.023423 1.600000 0.257135 -0.065394 3.022718
4.860000 -0.134055 0.013062 1.600000 0.281574 -0.059205 3.060228
4.920000 -0.134443 -0.016754 1.600000 0.247529 0.011209 3.097717
4.980000 -0.135000 -0.018389 1.600001 0.284629 0.057527 3.135214
5.040000 -0.134958 0.009917 1.600000 0.248299 0.028459 3.172452
5.100000 -0.134394 0.020452 1.600001 0.293105 -0.112757 3.209812
5.160000 -0.134898 -0.023471 1.600001 0.559591 -0.464236 3.244960
5.220000 -0.135000 0.001632 1.600000 0.675572 -0.465303 3.270471
5.280000 -0.133767 -0.057234 1.600000 0.385202 -0.174934 3.299508
5.340000 -0.132316 -0.096857 1.579779 0.078250 0.122829 3.330203
5.400000 -0.130000 -0.048673 1.506649 -0.238494 -0.193915 3.361878
5.460000 -0.128221 -0.019695 1.419817 0.098421 -0.240326 3.395569
5.520000 -0.127502 -0.032895 1.396241 0.448466 -0.234057 3.430574
5.580000 -0.127899 -0.062709 1.438498 0.795349 -0.198290 3.465262
5.640000 -0.128987 -0.081354 1.527472 1.000000 -0.126213 3.498239
5.700000 -0.130254 -0.088879 1.589756 0.753379 -0.371376 3.529281
5.760000 -0.132211 -0.120649 1.600000 0.450735 -0.231839 3.559545
5.820000 -0.134287 -0.136778 1.600000 0.295621 0.068254 3.589555
5.880000 -0.135000 -0.085986 1.600001 0.403833 -0.126117 3.619374
5.940000 -0.135000 -0.043321 1.600000 0.545182 -0.351256 3.649067
6.000000 -0.134936 -0.048028 1.600000 0.561008 -0.340738 3.678681
6.060000 -0.135000 -0.077947 1.600000 0.417610 -0.190171 3.708182
6.120000 -0.135000 -0.097401 1.600000 0.493689 -0.184888 3.737593
6.180000 -0.135000 -0.101883 1.600000 0.454340 -0.180873 3.766877
6.240000 -0.135000 -0.097277 1.600000 0.530235 -0.220039 3.796067
6.300000 -0.134922 -0.088721 1.600000 0.389240 -0.132296 3.825122
6.360000 -0.134496 -0.074922 1.600000 0.676754 -0.373610 3.854095
6.420000 -0.134269 -0.083460 1.600000 0.742708 -0.491581 3.882933
6.480000 -0.134475 -0.112558 1.600000 0.861717 -0.522665 3.911632
6.540000 -0.135000 -0.139898 1.600000 0.828753 -0.500662 3.939462
6.600000 -0.134521 -0.109031 1.600000 0.703978 -0.285686 3.963691
6.660000 -0.131715 -0.055870 1.600000 0.467813 -0.093099 3.987308
6.720000 -0.128394 -0.155434 1.600004 0.486014 -0.022331 4.023511
6.780000 -0.130128 -0.159189 1.600003 0.241809 0.350335 4.060777
6.840000 -0.131487 -0.011750 1.600000 0.387727 0.122868 4.098377
6.900000 -0.130719 0.084418 1.600008 0.179032 -0.184435 4.135789
6.960000 -0.129835 0.038668 1.600000 0.398081 -0.104820 4.173390
7.020000 -0.129663 -0.021544 1.600006 0.135647 0.077410 4.210795
7.080000 -0.129743 -0.020944 1.600001 0.399885 -0.030484 4.248392
7.140000 -0.130203 -0.008590 1.588815 0.025006 0.131096 4.285880
7.200000 -0.130000 0.011835 1.500467 -0.361489 -0.255400 4.324529
7.260000 -0.131835 -0.048278 1.394476 -0.080236 0.160965 4.366166
7.320000 -0.130859 0.049507 1.320326 0.362571 0.600000 4.410446
7.380000 -0.120132 0.311234 1.303365 0.830918 0.573297 4.457281
7.440000 -0.094545 0.622766 1.334915 0.750260 0.399931 4.506702
7.500000 -0.047244 0.955350 1.371805 0.741155 0.274224 4.562693
7.560000 0.028804 1.054179 1.451259 0.852036 0.249542 4.632415
7.620000 0.083255 0.944846 1.520795 0.903089 0.325022 4.679044
7.680000 0.112113 0.759471 1.557074 0.900910 0.352997 4.706228
7.740000 0.126864 0.539774 1.576612 0.888405 0.380033 4.724186
7.800000 0.133656 0.304090 1.588135 0.873752 0.398786 4.738025
7.860000 0.135000 0.063555 1.595621 0.857864 0.413613 4.750409
7.920000 0.131352 -0.174401 1.598457 0.838487 0.489575 4.763114
7.980000 0.121453 -0.399449 1.600000 0.815567 0.389497 4.778175
8.040000 0.093195 -0.249385 1.600000 0.768292 0.399348 4.816984
8.100000 0.073177 -0.071012 1.600000 0.707727 0.219168 4.856105
8.160000 0.062749 0.067898 1.600000 0.327304 -0.060862 4.894147
8.220000 0.058726 0.083981 1.600000 0.376933 -0.138245 4.931799
8.280000 0.058266 0.042695 1.600000 0.284954 0.236061 4.969230
8.340000 0.061099 0.074529 1.600001 0.317905 -0.120335 5.006827
8.400000 0.063884 0.051940 1.600000 0.227029 -0.021039 5.044345
8.460000 0.067331 0.064831 1.600000 0.459655 0.354669 5.081916
8.520000 0.075642 0.215402 1.596342 0.737382 0.600000 5.119890
8.580000 0.092462 0.447489 1.600000 0.854774 0.491039 5.159089
8.640000 0.111895 0.550006 1.600000 0.733422 0.388735 5.192358
8.700000 0.123947 0.465351 1.586755 0.675436 0.385846 5.215066
8.760000 0.131432 0.372512 1.565375 0.638559 0.372865 5.236401
8.820000 0.135000 0.272109 1.537807 0.618121 0.411026 5.257087
8.880000 0.135000 0.165480 1.515512 0.619181 0.232475 5.277767
8.940000 0.131420 0.048458 1.517020 0.667042 0.020175 5.298997
9.000000 0.123333 -0.100000 1.532726 0.490055 -0.206734 5.321688
9.060000 0.108266 -0.342475 1.526923 0.238324 -0.458465 5.346861
9.120000 0.071472 -0.645882 1.413646 -0.095423 -0.600000 5.393644
9.180000 0.013760 -0.865737 1.236927 0.603869 -0.434063 5.464362
9.240000 -0.040207 -0.939000 1.213170 0.669616 -0.356471 5.528061
9.300000 -0.082473 -0.871649 1.236937 0.776080 -0.373414 5.576392
9.360000 -0.109423 -0.722540 1.271932 0.824874 -0.383613 5.609103
9.420000 -0.124735 -0.528725 1.300674 0.841405 -0.388966 5.631695
9.480000 -0.132514 -0.312111 1.323243 0.845878 -0.390555 5.648995
9.540000 -0.135000 -0.085785 1.342279 0.845200 -0.393328 5.663979
9.600000 -0.132874 0.140981 1.360721 0.842076 -0.374982 5.678675
9.660000 -0.125465 0.358832 1.380448 0.836984 -0.378637 5.695021
9.720000 -0.110343 0.555403 1.407772 0.833933 -0.289998 5.715648
9.780000 -0.075385 0.558601 1.505892 0.945431 0.104221 5.755070
9.840000 -0.027509 0.627488 1.600000 0.713315 0.600000 5.804648
9.900000 0.031952 0.987961 1.576616 0.591116 0.537118 5.857716
9.960000 0.080272 0.979872 1.470580 0.169600 0.478826 5.899867
10.020000 0.108209 0.869431 1.378461 0.468262 0.425656 5.929733
10.080000 0.123743 0.691778 1.332132 0.514681 0.391507 5.951484
10.140000 0.131907 0.483275 1.300907 0.534972 0.371188 5.968995
10.200000 0.135000 0.259839 1.278252 0.566535 0.358315 5.984611
10.260000 0.133861 0.031416 1.262144 0.608076 0.349627 6.000077
10.320000 0.128246 -0.194176 1.252974 0.661909 0.343284 6.017065
10.380000 0.116771 -0.408354 1.254499 0.730859 0.341323 6.037666
10.440000 0.096449 -0.598348 1.276282 0.810626 0.335374 6.064907
10.500000 0.061829 -0.742562 1.335563 0.880282 0.306303 6.103133
10.560000 0.007858 -0.668064 1.453322 0.928515 0.238633 6.158311
10.620000 -0.037202 -0.459684 1.558262 0.943105 0.294615 6.208097
10.680000 -0.067046 -0.272872 1.600000 0.695573 0.363506 6.250354
10.740000 -0.085556 -0.090735 1.576871 0.301038 0.217583 6.289807
10.800000 -0.095301 0.033591 1.517202 -0.091400 -0.174855 6.329051
10.860000 -0.099882 0.031844 1.466382 0.313439 0.229984 6.369535
10.920000 -0.098210 0.096263 1.497009 0.721164 0.151665 6.410307
10.980000 -0.090734 0.211395 1.569331 0.869432 0.362489 6.449731
11.040000 -0.075684 0.381573 1.600000 0.480142 0.256974 6.488660
11.100000 -0.052692 0.524384 1.600000 0.267933 -0.144618 6.528819
11.160000 -0.026137 0.482529 1.600000 0.364621 -0.244314 6.569873
11.220000 -0.000897 0.358184 1.600001 0.187900 0.055909 6.610500
11.280000 0.023489 0.350876 1.600001 0.375864 0.146362 6.651063
11.340000 0.048464 0.402984 1.600000 0.171514 -0.120935 6.691626
11.400000 0.065723 0.257805 1.600000 0.371518 0.058844 6.726111
11.460000 0.070012 -0.042557 1.600000 0.162432 -0.050884 6.750903
11.520000 0.061940 -0.348032 1.600001 0.368139 0.037539 6.776465
11.580000 0.037651 -0.639775 1.600000 0.166760 0.045082 6.808234
11.640000 -0.020375 -0.935931 1.600001 0.376995 -0.126486 6.858986
11.700000 -0.096305 -0.915421 1.600001 0.179599 0.166203 6.917997
11.760000 -0.121290 -0.587671 1.599378 0.358885 -0.064047 6.941022
11.820000 -0.131812 -0.283040 1.600000 0.281592 -0.203938 6.956199
11.880000 -0.135000 0.005671 1.600001 0.325321 -0.077939 6.968799
11.940000 -0.132251 0.290438 1.599836 0.200216 -0.021405 6.981309
12.000000 -0.115587 0.347944 1.600001 0.330002 0.024968 7.014116
12.060000 -0.092940 0.360660 1.600000 0.200967 0.041027 7.053671
12.120000 -0.069632 0.372931 1.600000 0.331420 -0.068473 7.093953
12.180000 -0.046883 0.359039 1.600002 0.201933 0.055882 7.134012
12.240000 -0.023689 0.371648 1.600000 0.328337 -0.010360 7.174261
12.300000 -0.000046 0.385599 1.600001 0.200220 0.018186 7.214458
12.360000 0.021548 0.315789 1.600001 0.349152 -0.132780 7.253968
12.420000 0.036891 0.203773 1.600003 0.201600 0.126031 7.291248
12.480000 0.048009 0.155554 1.600000 0.354333 0.062601 7.327364
12.540000 0.055097 0.103274 1.584010 0.001673 -0.119389 7.362630
12.600000 0.057728 0.020085 1.500046 -0.357054 0.239339 7.398503
12.660000 0.059459 0.039095 1.388982 0.027599 0.346715 7.436968
12.720000 0.063353 0.134910 1.351182 0.433515 0.242370 7.477559
12.780000 0.070440 0.218223 1.403429 0.836144 0.177110 7.517822
12.840000 0.080044 0.257857 1.509908 1.000000 0.104353 7.555574
12.900000 0.090940 0.273508 1.583926 0.741060 0.324779 7.590536
12.960000 0.103321 0.315331 1.600000 0.404102 0.174883 7.624231
13.020000 0.115939 0.323667 1.600000 0.262106 -0.155059 7.657226
13.080000 0.125874 0.223901 1.600005 0.318812 -0.100809 7.689344
13.140000 0.132097 0.092091 1.600001 0.209226 -0.003269 7.720646
13.200000 0.134625 -0.000415 1.600003 0.370098 0.189420 7.751577
13.260000 0.135000 -0.013191 1.600002 0.419656 0.346973 7.782356
13.320000 0.134966 0.034897 1.600000 0.431477 0.216494 7.813173
13.380000 0.134985 0.078943 1.600003 0.305007 0.075873 7.843963
13.440000 0.135000 0.088455 1.600001 0.493484 0.184013 7.874849
13.500000 0.135000 0.070128 1.600000 0.188946 -0.120526 7.905303
13.560000 0.134439 0.042470 1.600000 0.384781 -0.138481 7.942917
13.620000 0.133788 -0.023986 1.600004 0.151179 0.083291 7.980223
13.680000 0.133391 -0.020079 1.600000 0.387888 0.033110 8.017801
13.740000 0.133101 -0.001052 1.600006 0.140278 -0.017811 8.055214
13.800000 0.132800 -0.000007 1.600000 0.387093 -0.004703 8.092803
13.860000 0.132570 -0.003004 1.600000 0.141003 0.002970 8.130216
13.920000 0.132360 -0.004327 1.600000 0.386001 -0.008386 8.167804
13.980000 0.132068 -0.006102 1.600000 0.142231 0.011919 8.205218
14.040000 0.131852 -0.002997 1.600000 0.384788 -0.001904 8.242805
14.100000 0.131627 -0.003247 1.600000 0.143469 -0.011596 8.280220
14.160000 0.131151 -0.012146 1.600000 0.386304 -0.038334 8.317807
14.220000 0.130219 -0.023154 1.599758 0.142194 0.052170 8.355226
14.280000 0.129783 -0.001804 1.600001 0.399975 0.067658 8.392821
14.340000 0.130024 0.016831 1.588820 0.025152 -0.137287 8.430303
14.400000 0.130000 0.004647 1.500162 -0.361469 0.249334 8.468966
14.460000 0.132906 0.079714 1.407996 0.061705 -0.096189 8.511283
14.520000 0.134795 0.029471 1.407264 0.441739 0.049910 8.549286
14.580000 0.135000 -0.010924 1.472779 0.804070 0.105707 8.585519
14.640000 0.134027 -0.019141 1.562962 0.840742 0.143316 8.619657
14.700000 0.132983 0.011339 1.600000 0.514390 0.427764 8.652292
14.760000 0.133628 0.090053 1.600000 0.391067 0.103039 8.684765
14.820000 0.134900 0.113486 1.600002 0.236710 -0.167860 8.717126
14.880000 0.135000 0.046012 1.600001 0.398163 0.155994 8.749511
14.940000 0.135000 0.016205 1.600000 0.302865 0.158539 8.781856
15.000000 0.134934 0.026103 1.600000 0.379967 0.169105 8.814235
15.060000 0.135000 0.046725 1.600000 0.267105 0.066901 8.846579
15.120000 0.134948 0.048190 1.600000 0.378132 0.117450 8.878960
15.180000 0.135000 0.045771 1.600000 0.271261 0.082419 8.911300
15.240000 0.134969 0.040051 1.600000 0.384126 0.135369 8.943683
15.300000 0.135000 0.040768 1.600000 0.261838 0.080776 8.976020
15.360000 0.134906 0.039031 1.600000 0.402664 0.155962 9.008407
15.420000 0.135000 0.045165 1.600000 0.248165 0.064456 9.040743
15.480000 0.134929 0.041376 1.600000 0.405715 0.145467 9.073133
15.540000 0.135000 0.043630 1.600000 0.245889 0.073797 9.105465
15.600000 0.134935 0.040237 1.600000 0.410249 0.145504 9.137858
15.660000 0.135000 0.043299 1.600000 0.239583 0.073350 9.170186
15.720000 0.134929 0.040465 1.600000 0.419127 0.149420 9.202583
15.780000 0.135000 0.043723 1.600000 0.226697 0.061222 9.234908
15.840000 0.134885 0.039183 1.600000 0.437680 0.166186 9.267309
15.900000 0.135000 0.045110 1.599975 0.216396 0.059187 9.299641
15.960000 0.135000 0.043631 1.600000 0.454713 0.174494 9.332124
16.020000 0.134883 0.034233 1.600000 0.147110 -0.147910 9.364364
16.080000 0.133709 0.008366 1.600000 0.401314 -0.016127 9.402194
16.140000 0.132472 -0.035928 1.588912 0.027098 -0.125429 9.439616
16.200000 0.130000 -0.064968 1.500998 -0.359569 0.261238 9.478283
16.260000 0.129195 -0.001282 1.410318 0.054944 -0.153275 9.519734
16.320000 0.127002 -0.043868 1.408661 0.483529 -0.111163 9.562592
16.380000 0.122304 -0.116508 1.498395 0.899644 -0.057326 9.604204
16.440000 0.114998 -0.166058 1.587546 0.571913 -0.045606 9.643238
16.500000 0.104876 -0.216724 1.600000 0.191784 -0.187319 9.681251
16.560000 0.091414 -0.273070 1.600000 0.399641 0.197877 9.719771
16.620000 0.078077 -0.227062 1.600000 0.158516 -0.018948 9.758119
16.680000 0.064557 -0.211064 1.600000 0.376565 -0.060001 9.796640
16.740000 0.050688 -0.228364 1.600003 0.153738 0.025744 9.835047
16.800000 0.037157 -0.220836 1.600000 0.381450 0.063111 9.873572
16.860000 0.024436 -0.196355 1.600002 0.150151 -0.026789 9.911822
16.920000 0.012248 -0.186164 1.600002 0.388610 0.081346 9.950171
16.980000 0.001206 -0.166666 1.600000 0.150411 -0.082717 9.988214
17.040000 -0.009196 -0.154081 1.600001 0.487111 0.298492 10.026335
17.100000 -0.014993 -0.024352 1.599864 0.693146 0.588024 10.063988
17.160000 -0.013234 0.185309 1.600000 0.888808 0.556013 10.101581
17.220000 -0.002084 0.416340 1.600000 0.746175 0.401692 10.139725
17.280000 0.020507 0.652824 1.570325 0.652870 0.405743 10.180165
17.340000 0.059766 0.915464 1.505065 0.615943 0.420104 10.227203
17.400000 0.098729 0.923503 1.447680 0.643633 0.418969 10.267785
17.460000 0.119484 0.736856 1.421898 0.679632 0.420801 10.291989
17.520000 0.130294 0.511668 1.409000 0.710218 0.423865 10.309566
17.580000 0.135000 0.273563 1.402235 0.736034 0.426525 10.324271
17.640000 0.135000 0.031939 1.399061 0.758773 0.430407 10.338147
17.700000 0.130279 -0.204974 1.398523 0.779662 0.439167 10.352952
17.760000 0.119417 -0.428041 1.400714 0.798562 0.450065 10.370749
17.820000 0.098848 -0.619981 1.407951 0.813182 0.441437 10.394930
17.880000 0.057326 -0.478114 1.417396 0.805814 0.523564 10.442796
17.940000 0.026440 -0.243217 1.446598 0.801133 0.247191 10.490189
18.000000 0.008582 -0.100000 1.514203 0.636325 -0.176274 10.532535
