0.000000 0.000000 0.000000 1.000000 0.000000 0.000000 0.000000 0.000010 10.000000 0.898214
0.060000 0.000396 0.011848 1.025822 0.602475 0.054115 0.060247 0.000010 7.298950 -0.609808
0.120000 0.002343 0.043119 1.197114 1.000000 0.020903 0.114711 0.000010 0.000000 -0.196929
0.180000 0.005361 0.060616 1.383343 1.000000 0.011740 0.161238 0.000010 -3.694385 -0.078685
0.240000 0.009063 0.070119 1.523483 0.847539 0.008493 0.202507 0.000010 -10.000000 -0.018146
0.300000 0.013237 0.076472 1.597962 0.463710 0.007797 0.240889 0.000010 -10.000000 0.420264
0.360000 0.017832 0.083621 1.600000 0.088714 0.023557 0.278389 0.000010 9.248470 -1.545730
0.420000 0.022850 0.090028 1.599868 0.437924 -0.034808 0.316148 0.000010 -9.205689 1.139966
0.480000 0.027748 0.081091 1.600000 0.092673 0.007947 0.353651 0.000010 9.046896 -0.345122
0.540000 0.032623 0.078057 1.600001 0.434164 -0.005081 0.391399 0.000010 -9.061899 0.530715
0.600000 0.037403 0.077924 1.600000 0.094361 0.014819 0.428896 0.000010 8.960958 -0.746538
0.660000 0.042257 0.081603 1.600000 0.432588 -0.013359 0.466641 0.000010 -8.978439 0.587375
0.720000 0.047046 0.079857 1.600000 0.095900 0.008668 0.504140 0.000010 8.876063 -0.431596
0.780000 0.051888 0.080582 1.600000 0.430907 -0.007622 0.541883 0.000010 -8.891931 0.382555
0.840000 0.056683 0.079424 1.600000 0.097450 0.006724 0.579384 0.000010 8.792557 -0.247899
0.900000 0.061521 0.080697 1.600000 0.429294 -0.002632 0.617126 0.000010 -8.807274 0.111730
0.960000 0.066357 0.080773 1.600000 0.098984 0.001558 0.654630 0.000010 8.710465 -0.017304
1.020000 0.071220 0.081234 1.600000 0.427730 0.000905 0.692371 0.000010 -8.723066 -0.155336
1.080000 0.076093 0.081205 1.600000 0.100554 -0.004921 0.729878 0.000010 8.629333 0.053903
1.140000 0.080905 0.079108 1.600000 0.426205 -0.002886 0.767616 0.000010 -8.623926 -0.502180
1.200000 0.085570 0.074671 1.600000 0.102826 -0.021717 0.805114 0.000010 8.563189 1.704752
1.260000 0.090008 0.070453 1.600002 0.425813 0.042582 0.842832 0.000010 -8.457990 -0.046591
1.320000 0.094922 0.088151 1.600000 0.108527 0.040836 0.880344 0.000012 8.318117 -0.707347
1.380000 0.100695 0.112565 1.600004 0.422849 0.014112 0.918133 -0.000165 -7.205997 -5.603286
1.440000 0.106672 0.104055 1.600002 0.152162 -0.196370 0.955697 -0.000045 7.556742 3.715369
1.500000 0.110385 0.026620 1.600001 0.437042 -0.056306 0.993396 0.007660 -8.105194 6.922067
1.560000 0.112426 -0.005691 1.600003 0.134212 0.202320 1.030758 -0.022021 9.630780 -0.687302
1.620000 0.115979 0.077004 1.600001 0.498250 0.176345 1.068557 -0.255642 -10.000000 1.012176
1.680000 0.124081 0.220005 1.589563 0.108883 0.215761 1.107494 2.101936 -10.000000 -10.000000
1.740000 0.130718 0.180755 1.540381 -0.174498 -0.067620 1.135832 5.000000 -10.000000 6.227699
1.800000 0.130000 -0.100000 1.504164 -0.311231 0.017534 1.149505 0.000000 0.000000 0.000000
1.800000 0.130000 -0.100000 1.504164 -0.311231 0.017534 1.149505 5.000000 -10.000000 10.000000
1.860000 0.122904 -0.385060 1.446951 -0.467441 0.173744 1.165126 5.000000 -3.822988 10.000000
1.920000 0.106770 -0.647905 1.339754 -0.549733 0.388999 1.186652 4.999950 2.763987 5.838788
1.980000 0.075887 -0.818173 1.127252 -0.449848 0.600000 1.222790 5.000000 5.577849 0.000000
2.040000 0.031006 -0.773392 0.806371 -0.082093 0.600000 1.288721 4.997722 10.000000 -0.000000
2.100000 -0.004488 -0.567525 0.778098 0.812329 0.600000 1.378163 4.999849 0.228339 0.000000
2.160000 -0.029193 -0.361839 0.951637 0.830673 0.600000 1.458503 4.994727 -0.390167 -2.066418
2.220000 -0.046882 -0.192880 1.081612 0.802391 0.450208 1.530992 4.925714 0.941971 -3.510286
2.280000 -0.060419 -0.120413 1.229416 0.865503 0.215016 1.597992 5.000000 1.747189 -0.087504
2.340000 -0.077065 -0.183437 1.402636 0.974742 0.209545 1.660515 0.463107 0.584069 -0.042877
2.400000 -0.088477 -0.064072 1.528355 1.000000 0.207691 1.703760 0.068503 -8.460246 1.508519
2.460000 -0.092369 0.068608 1.598658 0.673809 0.265852 1.742316 -0.032668 -10.000000 -2.353116
2.520000 -0.088766 0.213135 1.600001 0.299971 0.177886 1.779700 0.005406 2.589901 -10.000000
2.580000 -0.078671 0.304203 1.600001 0.398734 -0.203447 1.817833 0.000045 -5.869557 5.094663
2.640000 -0.066218 0.255848 1.600000 0.174283 -0.008631 1.856072 -0.000650 9.456615 -10.000000
2.700000 -0.053975 0.172440 1.600000 0.536534 -0.391698 1.894379 -0.000318 6.708453 -5.395222
2.760000 -0.047563 -0.004400 1.600000 0.789624 -0.595244 1.932106 0.017204 0.740132 3.413676
2.820000 -0.049623 -0.227659 1.600000 0.817455 -0.466882 1.969709 -0.102180 -3.109388 1.157900
2.880000 -0.061344 -0.449568 1.585774 0.698835 -0.422711 2.007857 0.165212 -10.000000 -0.375099
2.940000 -0.085473 -0.694839 1.499461 0.276921 -0.438536 2.050049 -3.443848 -10.000000 0.106324
3.000000 -0.105073 -0.645993 1.373221 -0.033780 -0.435233 2.081119 -3.953145 2.391383 -0.417591
3.060000 -0.118256 -0.536383 1.244824 0.031918 -0.446706 2.108592 -4.076529 10.000000 -0.846026
3.120000 -0.126870 -0.403583 1.149683 0.293076 -0.468800 2.134707 -4.082100 10.000000 -1.236190
3.180000 -0.132282 -0.262835 1.100433 0.549292 -0.500473 2.160329 -4.085787 10.000000 -1.202327
3.240000 -0.135000 -0.120288 1.095615 0.798977 -0.530494 2.185298 -4.081590 1.748827 -0.814268
3.300000 -0.134985 0.016823 1.115902 0.841542 -0.550312 2.209638 -4.082720 0.364777 -0.620265
3.360000 -0.131931 0.142931 1.141359 0.850407 -0.565387 2.233941 -4.080029 -0.452872 0.426202
3.420000 -0.125421 0.252860 1.167961 0.838965 -0.554618 2.259207 -3.970253 -0.905850 -1.619680
3.480000 -0.114815 0.331840 1.190120 0.813585 -0.600000 2.287225 -3.192618 -0.512716 7.654645
3.540000 -0.099349 0.318584 1.228898 0.795569 -0.331025 2.322364 0.362766 0.043305 10.000000
3.600000 -0.082025 0.100000 1.348599 0.797907 0.170324 2.372499 -0.080976 0.000000 0.000000
3.600000 -0.082025 0.100000 1.348599 0.797907 0.170324 2.372499 -0.080976 4.713676 -10.000000
3.660000 -0.071913 0.099475 1.475194 1.000000 -0.258413 2.415373 0.179469 0.000000 -8.539746
3.720000 -0.068290 -0.021464 1.558341 1.000000 -0.600000 2.455373 -1.167477 -2.442971 1.934730
3.780000 -0.070311 -0.132618 1.591702 0.914446 -0.532245 2.490393 -1.676522 -3.354067 1.245513
3.840000 -0.074865 -0.228263 1.600000 0.803397 -0.491008 2.523502 -1.712870 -2.655343 7.416030
3.900000 -0.081496 -0.318360 1.600000 0.716364 -0.247934 2.556278 -1.710388 -0.656941 0.056473
3.960000 -0.090176 -0.384714 1.600000 0.695050 -0.246102 2.588723 -1.709461 -0.074581 2.178977
4.020000 -0.100825 -0.425158 1.600000 0.692655 -0.176143 2.620829 -1.709521 -10.000000 6.712687
4.080000 -0.112784 -0.427151 1.600000 0.377333 0.035523 2.652361 -1.709426 -0.444123 8.197881
4.140000 -0.123705 -0.338648 1.600000 0.363702 0.287116 2.683051 -1.709486 -4.850970 -10.000000
4.200000 -0.130719 -0.155429 1.600000 0.219904 -0.009315 2.712694 -1.709460 8.697236 -10.000000
4.260000 -0.134054 -0.019231 1.600000 0.472964 -0.300281 2.741791 -1.709411 6.629377 -9.702926
4.320000 -0.135000 0.012386 1.600000 0.664276 -0.580289 2.770649 -1.709514 -0.725904 5.487409
4.380000 -0.135000 -0.030742 1.600000 0.643325 -0.421916 2.799510 -1.709436 -5.075389 5.634070
4.440000 -0.134939 -0.096242 1.600000 0.496987 -0.259470 2.828343 -1.710202 0.052884 5.704272
4.500000 -0.135000 -0.143149 1.600000 0.498513 -0.094839 2.857204 -1.718469 0.889258 -2.710116
4.560000 -0.134999 -0.148578 1.600000 0.524112 -0.172853 2.885991 -1.698715 -5.085060 6.468955
4.620000 -0.135000 -0.127087 1.600000 0.377120 0.014141 2.914897 -1.058283 -3.158486 3.663362
4.680000 -0.134577 -0.084253 1.600000 0.275597 0.131893 2.947040 0.121415 -0.063900 -1.467958
4.740000 -0.134275 -0.029662 1.600000 0.273160 0.075929 2.985164 0.012520 -0.426728 -3.763200
4.800000 -0.134124 0.023423 1.600000 0.257135 -0.065394 3.022718 -0.000162 0.651561 0.164983
4.860000 -0.134055 0.013062 1.600000 0.281574 -0.059205 3.060228 -0.000045 -0.908120 1.878242
4.920000 -0.134443 -0.016754 1.600000 0.247529 0.011209 3.097717 -0.003215 0.989409 1.235255
4.980000 -0.135000 -0.018389 1.600001 0.284629 0.057527 3.135214 -0.049605 -0.975613 -0.780609
5.040000 -0.134958 0.009917 1.600000 0.248299 0.028459 3.172452 -0.029493 1.199284 -3.779846
5.100000 -0.134394 0.020452 1.600001 0.293105 -0.112757 3.209812 -0.463957 7.581856 -10.000000
5.160000 -0.134898 -0.023471 1.600001 0.559591 -0.464236 3.244960 -2.368588 4.546309 -0.041842
5.220000 -0.135000 0.001632 1.600000 0.675572 -0.465303 3.270471 -1.678315 -10.000000 10.000000
5.280000 -0.133767 -0.057234 1.600000 0.385202 -0.174934 3.299508 -1.394814 -10.000000 9.700609
5.340000 -0.132316 -0.096857 1.579779 0.078250 0.122829 3.330203 -1.395221 -10.000000 -10.000000
5.400000 -0.130000 -0.048673 1.506649 -0.238494 -0.193915 3.361878 -1.409297 0.000000 0.000000
5.400000 -0.130000 -0.048673 1.506649 -0.238494 -0.193915 3.361878 -1.409297 10.000000 -1.377516
5.460000 -0.128221 -0.019695 1.419817 0.098421 -0.240326 3.395569 -1.424132 10.000000 0.179079
5.520000 -0.127502 -0.032895 1.396241 0.448466 -0.234057 3.430574 -1.439398 10.000000 1.031100
5.580000 -0.127899 -0.062709 1.438498 0.795349 -0.198290 3.465262 -1.454674 6.205798 2.185641
5.640000 -0.128987 -0.081354 1.527472 1.000000 -0.126213 3.498239 -1.470739 -7.944886 -7.897914
5.700000 -0.130254 -0.088879 1.589756 0.753379 -0.371376 3.529281 -1.487227 -10.000000 4.610611
5.760000 -0.132211 -0.120649 1.600000 0.450735 -0.231839 3.559545 -1.504372 -5.168827 10.000000
5.820000 -0.134287 -0.136778 1.600000 0.295621 0.068254 3.589555 -1.522066 3.628894 -6.518273
5.880000 -0.135000 -0.085986 1.600001 0.403833 -0.126117 3.619374 -1.540555 4.760363 -7.582269
5.940000 -0.135000 -0.043321 1.600000 0.545182 -0.351256 3.649067 -1.559389 0.534409 0.355150
6.000000 -0.134936 -0.048028 1.600000 0.561008 -0.340738 3.678681 -1.579312 -4.860845 5.103861
6.060000 -0.135000 -0.077947 1.600000 0.417610 -0.190171 3.708182 -1.599660 2.586770 0.179632
6.120000 -0.135000 -0.097401 1.600000 0.493689 -0.184888 3.737593 -1.620990 -1.343702 0.137092
6.180000 -0.135000 -0.101883 1.600000 0.454340 -0.180873 3.766877 -1.643311 2.600021 -1.341739
6.240000 -0.135000 -0.097277 1.600000 0.530235 -0.220039 3.796067 -1.666242 -4.852700 3.019892
6.300000 -0.134922 -0.088721 1.600000 0.389240 -0.132296 3.825122 -1.690466 9.923664 -8.329033
6.360000 -0.134496 -0.074922 1.600000 0.676754 -0.373610 3.854095 -1.716789 2.286990 -4.090701
6.420000 -0.134269 -0.083460 1.600000 0.742708 -0.491581 3.882933 -1.749722 4.146874 -1.083144
6.480000 -0.134475 -0.112558 1.600000 0.861717 -0.522665 3.911632 -1.912208 -1.184454 0.790615
6.540000 -0.135000 -0.139898 1.600000 0.828753 -0.500662 3.939462 -2.625446 -5.149774 8.872571
6.600000 -0.134521 -0.109031 1.600000 0.703978 -0.285686 3.963691 -2.788510 -10.000000 8.154771
6.660000 -0.131715 -0.055870 1.600000 0.467813 -0.093099 3.987308 -0.289029 0.502800 1.954725
6.720000 -0.128394 -0.155434 1.600004 0.486014 -0.022331 4.023511 -0.036219 -6.552877 10.000000
6.780000 -0.130128 -0.159189 1.600003 0.241809 0.350335 4.060777 -0.001809 3.880766 -6.049594
6.840000 -0.131487 -0.011750 1.600000 0.387727 0.122868 4.098377 -0.000148 -5.578315 -8.214106
6.900000 -0.130719 0.084418 1.600008 0.179032 -0.184435 4.135789 0.000010 5.825607 2.117362
6.960000 -0.129835 0.038668 1.600000 0.398081 -0.104820 4.173390 0.000010 -7.016115 4.871887
7.020000 -0.129663 -0.021544 1.600006 0.135647 0.077410 4.210795 0.000010 7.028178 -2.869750
7.080000 -0.129743 -0.020944 1.600001 0.399885 -0.030484 4.248392 0.000010 -10.000000 4.310164
7.140000 -0.130203 -0.008590 1.588815 0.025006 0.131096 4.285880 0.000010 -10.000000 -10.000000
7.200000 -0.130000 0.011835 1.500467 -0.361489 -0.255400 4.324529 -0.000017 0.000000 0.000000
7.200000 -0.130000 0.011835 1.500467 -0.361489 -0.255400 4.324529 -0.000017 6.754983 10.000000
7.260000 -0.131835 -0.048278 1.394476 -0.080236 0.160965 4.366166 -0.000164 10.000000 9.914828
7.320000 -0.130859 0.049507 1.320326 0.362571 0.600000 4.410446 -0.003051 10.000000 -0.570152
7.380000 -0.120132 0.311234 1.303365 0.830918 0.573297 4.457281 -0.028816 -1.632066 -3.507958
7.440000 -0.094545 0.622766 1.334915 0.750260 0.399931 4.506702 -0.279186 -0.162621 -2.245100
7.500000 -0.047244 0.955350 1.371805 0.741155 0.274224 4.562693 3.494663 1.590346 -0.354009
7.560000 0.028804 1.054179 1.451259 0.852036 0.249542 4.632415 4.882449 1.094882 1.618713
7.620000 0.083255 0.944846 1.520795 0.903089 0.325022 4.679044 5.000000 -0.080168 1.029111
7.680000 0.112113 0.759471 1.557074 0.900910 0.352997 4.706228 5.000000 -0.696354 1.505494
7.740000 0.126864 0.539774 1.576612 0.888405 0.380033 4.724186 5.000000 -1.058787 1.355106
7.800000 0.133656 0.304090 1.588135 0.873752 0.398786 4.738025 4.994788 -1.282935 1.197225
7.860000 0.135000 0.063555 1.595621 0.857864 0.413613 4.750409 5.000000 -1.525131 5.978840
7.920000 0.131352 -0.174401 1.598457 0.838487 0.489575 4.763114 5.000000 -1.521863 -6.644991
7.980000 0.121453 -0.399449 1.600000 0.815567 0.389497 4.778175 0.732272 -1.218114 0.253847
8.040000 0.093195 -0.249385 1.600000 0.768292 0.399348 4.816984 0.169123 -1.548167 -4.605747
8.100000 0.073177 -0.071012 1.600000 0.707727 0.219168 4.856105 0.001925 -10.000000 -7.361009
8.160000 0.062749 0.067898 1.600000 0.327304 -0.060862 4.894147 -0.001386 1.318091 -2.055230
8.220000 0.058726 0.083981 1.600000 0.376933 -0.138245 4.931799 -0.000230 -2.457326 10.000000
8.280000 0.058266 0.042695 1.600000 0.284954 0.236061 4.969230 0.000035 0.876448 -9.479341
8.340000 0.061099 0.074529 1.600001 0.317905 -0.120335 5.006827 0.000147 -2.422200 2.646635
8.400000 0.063884 0.051940 1.600000 0.227029 -0.021039 5.044345 -0.001611 6.191670 10.000000
8.460000 0.067331 0.064831 1.600000 0.459655 0.354669 5.081916 -0.022198 7.313501 6.460404
8.520000 0.075642 0.215402 1.596342 0.737382 0.600000 5.119890 -0.043502 2.994790 -2.779701
8.580000 0.092462 0.447489 1.600000 0.854774 0.491039 5.159089 1.696548 -3.647587 -3.075041
8.640000 0.111895 0.550006 1.600000 0.733422 0.388735 5.192358 3.644154 -2.553636 -0.127236
8.700000 0.123947 0.465351 1.586755 0.675436 0.385846 5.215066 3.543743 -1.728510 -0.608435
8.760000 0.131432 0.372512 1.565375 0.638559 0.372865 5.236401 3.508258 -0.987991 1.844779
8.820000 0.135000 0.272109 1.537807 0.618121 0.411026 5.257087 3.507987 0.051257 -8.633752
8.880000 0.135000 0.165480 1.515512 0.619181 0.232475 5.277767 3.504742 2.254418 -10.000000
8.940000 0.131420 0.048458 1.517020 0.667042 0.020175 5.298997 3.439226 -7.799915 -10.000000
9.000000 0.123333 -0.100000 1.532726 0.490055 -0.206734 5.321688 3.506679 0.000000 0.000000
9.000000 0.123333 -0.100000 1.532726 0.490055 -0.206734 5.321688 3.506679 -10.000000 -10.000000
9.060000 0.108266 -0.342475 1.526923 0.238324 -0.458465 5.346861 0.242714 -7.134052 -3.025394
9.120000 0.071472 -0.645882 1.413646 -0.095423 -0.600000 5.393644 -4.749377 9.888394 2.346444
9.180000 0.013760 -0.865737 1.236927 0.603869 -0.434063 5.464362 -4.895586 1.032161 1.218105
9.240000 -0.040207 -0.939000 1.213170 0.669616 -0.356471 5.528061 -4.993999 2.202799 -0.350530
9.300000 -0.082473 -0.871649 1.236937 0.776080 -0.373414 5.576392 -4.999762 1.491677 -0.311831
9.360000 -0.109423 -0.722540 1.271932 0.824874 -0.383613 5.609103 -5.000000 0.731754 -0.236904
9.420000 -0.124735 -0.528725 1.300674 0.841405 -0.388966 5.631695 -4.998124 0.258516 -0.091908
9.480000 -0.132514 -0.312111 1.323243 0.845878 -0.390555 5.648995 -4.997955 -0.045199 -0.185060
9.540000 -0.135000 -0.085785 1.342279 0.845200 -0.393328 5.663979 -5.000000 -0.212578 1.248420
9.600000 -0.132874 0.140981 1.360721 0.842076 -0.374982 5.678675 -5.000000 -0.311510 -0.223577
9.660000 -0.125465 0.358832 1.380448 0.836984 -0.378637 5.695021 -5.000000 -0.147937 4.297219
9.720000 -0.110343 0.555403 1.407772 0.833933 -0.289998 5.715648 -2.625204 2.828319 10.000000
9.780000 -0.075385 0.558601 1.505892 0.945431 0.104221 5.755070 0.348056 -4.681850 10.000000
9.840000 -0.027509 0.627488 1.600000 0.713315 0.600000 5.804648 -0.173641 -2.302655 -1.184945
9.900000 0.031952 0.987961 1.576616 0.591116 0.537118 5.857716 4.905879 -10.000000 -1.382892
9.960000 0.080272 0.979872 1.470580 0.169600 0.478826 5.899867 4.904698 10.000000 -1.780219
10.020000 0.108209 0.869431 1.378461 0.468262 0.425656 5.929733 4.998562 2.134886 -1.569978
10.080000 0.123743 0.691778 1.332132 0.514681 0.391507 5.951484 4.999258 1.158812 -1.160188
10.140000 0.131907 0.483275 1.300907 0.534972 0.371188 5.968995 4.999994 2.021384 -0.824439
10.200000 0.135000 0.259839 1.278252 0.566535 0.358315 5.984611 5.000000 2.685986 -0.561641
10.260000 0.133861 0.031416 1.262144 0.608076 0.349627 6.000077 5.000000 3.168909 -0.373440
10.320000 0.128246 -0.194176 1.252974 0.661909 0.343284 6.017065 5.000000 3.346878 -0.095289
10.380000 0.116771 -0.408354 1.254499 0.730859 0.341323 6.037666 5.000000 2.928270 -0.218114
10.440000 0.096449 -0.598348 1.276282 0.810626 0.335374 6.064907 5.000000 1.822251 -0.760694
10.500000 0.061829 -0.742562 1.335563 0.880282 0.306303 6.103133 2.555301 0.874144 -1.226339
10.560000 0.007858 -0.668064 1.453322 0.928515 0.238633 6.158311 -0.130444 0.293071 1.124473
10.620000 -0.037202 -0.459684 1.558262 0.943105 0.294615 6.208097 -0.033724 -5.857789 1.630271
10.680000 -0.067046 -0.272872 1.600000 0.695573 0.363506 6.250354 -0.001696 -10.000000 -3.698601
10.740000 -0.085556 -0.090735 1.576871 0.301038 0.217583 6.289807 0.000378 -10.000000 -10.000000
10.800000 -0.095301 0.033591 1.517202 -0.091400 -0.174855 6.329051 0.000048 0.000000 0.000000
10.800000 -0.095301 0.033591 1.517202 -0.091400 -0.174855 6.329051 0.000048 10.000000 10.000000
10.860000 -0.099882 0.031844 1.466382 0.313439 0.229984 6.369535 0.000010 10.000000 -1.920876
10.920000 -0.098210 0.096263 1.497009 0.721164 0.151665 6.410307 0.000010 3.760886 5.347657
10.980000 -0.090734 0.211395 1.569331 0.869432 0.362489 6.449731 0.000010 -10.000000 -2.710495
11.040000 -0.075684 0.381573 1.600000 0.480142 0.256974 6.488660 0.000055 -5.284250 -10.000000
11.100000 -0.052692 0.524384 1.600000 0.267933 -0.144618 6.528819 0.000122 2.355257 -2.428476
11.160000 -0.026137 0.482529 1.600000 0.364621 -0.244314 6.569873 -0.002764 -4.349829 7.389745
11.220000 -0.000897 0.358184 1.600001 0.187900 0.055909 6.610500 -0.029764 4.633751 2.229889
11.280000 0.023489 0.350876 1.600001 0.375864 0.146362 6.651063 -0.027549 -5.037763 -6.589643
11.340000 0.048464 0.402984 1.600000 0.171514 -0.120935 6.691626 2.233806 5.799780 5.213264
11.400000 0.065723 0.257805 1.600000 0.371518 0.058844 6.726111 5.000000 -8.433499 -4.425897
11.460000 0.070012 -0.042557 1.600000 0.162432 -0.050884 6.750903 5.000000 8.046988 3.459263
11.520000 0.061940 -0.348032 1.600001 0.368139 0.037539 6.776465 5.000000 -6.338089 0.237572
11.580000 0.037651 -0.639775 1.600000 0.166760 0.045082 6.808234 5.000000 4.142048 -3.380609
11.640000 -0.020375 -0.935931 1.600001 0.376995 -0.126486 6.858986 -0.944840 -3.345471 4.960128
11.700000 -0.096305 -0.915421 1.600001 0.179599 0.166203 6.917997 -5.000000 7.787183 -10.000000
11.760000 -0.121290 -0.587671 1.599378 0.358885 -0.064047 6.941022 -5.000000 -5.092805 -9.217277
11.820000 -0.131812 -0.283040 1.600000 0.281592 -0.203938 6.956199 -5.000000 3.470612 10.000000
11.880000 -0.135000 0.005671 1.600001 0.325321 -0.077939 6.968799 -5.000000 -10.000000 4.518975
11.940000 -0.132251 0.290438 1.599836 0.200216 -0.021405 6.981309 -1.380859 3.955985 1.413495
12.000000 -0.115587 0.347944 1.600001 0.330002 0.024968 7.014116 -0.130287 -3.262049 0.405914
12.060000 -0.092940 0.360660 1.600000 0.200967 0.041027 7.053671 0.000614 3.238534 -2.718336
12.120000 -0.069632 0.372931 1.600000 0.331420 -0.068473 7.093953 0.002995 -3.232487 3.104232
12.180000 -0.046883 0.359039 1.600002 0.201933 0.055882 7.134012 -0.007541 3.140539 -1.645779
12.240000 -0.023689 0.371648 1.600000 0.328337 -0.010360 7.174261 -0.136658 -3.187173 0.710102
12.300000 -0.000046 0.385599 1.600001 0.200220 0.018186 7.214458 1.009290 3.769517 -3.820972
12.360000 0.021548 0.315789 1.600001 0.349152 -0.132780 7.253968 1.286135 -3.958006 6.942143
12.420000 0.036891 0.203773 1.600003 0.201600 0.126031 7.291248 1.325347 4.228961 -1.756254
12.480000 0.048009 0.155554 1.600000 0.354333 0.062601 7.327364 1.324977 -10.000000 -5.160488
12.540000 0.055097 0.103274 1.584010 0.001673 -0.119389 7.362630 1.324619 -10.000000 10.000000
12.600000 0.057728 0.020085 1.500046 -0.357054 0.239339 7.398503 1.324522 0.000000 0.000000
12.600000 0.057728 0.020085 1.500046 -0.357054 0.239339 7.398503 1.324522 10.000000 2.791486
12.660000 0.059459 0.039095 1.388982 0.027599 0.346715 7.436968 1.324512 10.000000 -2.570594
12.720000 0.063353 0.134910 1.351182 0.433515 0.242370 7.477559 1.324594 10.000000 -1.620842
12.780000 0.070440 0.218223 1.403429 0.836144 0.177110 7.517822 1.324508 4.340407 -1.927270
12.840000 0.080044 0.257857 1.509908 1.000000 0.104353 7.555574 1.324514 -7.406357 6.304671
12.900000 0.090940 0.273508 1.583926 0.741060 0.324779 7.590536 1.324586 -10.000000 -4.448490
12.960000 0.103321 0.315331 1.600000 0.404102 0.174883 7.624231 1.324502 -4.303704 -10.000000
13.020000 0.115939 0.323667 1.600000 0.262106 -0.155059 7.657226 1.324511 1.765523 1.688792
13.080000 0.125874 0.223901 1.600005 0.318812 -0.100809 7.689344 1.324579 -3.501008 3.116147
13.140000 0.132097 0.092091 1.600001 0.209226 -0.003269 7.720646 1.324510 5.200976 6.229591
13.200000 0.134625 -0.000415 1.600003 0.370098 0.189420 7.751577 1.324522 1.610130 5.118822
13.260000 0.135000 -0.013191 1.600002 0.419656 0.346973 7.782356 1.324466 0.383595 -4.233882
13.320000 0.134966 0.034897 1.600000 0.431477 0.216494 7.813173 1.322026 -4.107632 -4.567235
13.380000 0.134985 0.078943 1.600003 0.305007 0.075873 7.843963 1.310832 6.102197 3.501171
13.440000 0.135000 0.088455 1.600001 0.493484 0.184013 7.874849 1.383760 -10.000000 -10.000000
13.500000 0.135000 0.070128 1.600000 0.188946 -0.120526 7.905303 -0.006519 5.206495 -0.477341
13.560000 0.134439 0.042470 1.600000 0.384781 -0.138481 7.942917 0.022244 -6.261805 5.944671
13.620000 0.133788 -0.023986 1.600004 0.151179 0.083291 7.980223 0.002562 6.299045 -1.335390
13.680000 0.133391 -0.020079 1.600000 0.387888 0.033110 8.017801 0.000035 -6.618417 -1.361041
13.740000 0.133101 -0.001052 1.600006 0.140278 -0.017811 8.055214 -0.000031 6.566086 0.348740
13.800000 0.132800 -0.000007 1.600000 0.387093 -0.004703 8.092803 0.000010 -6.577683 0.205076
13.860000 0.132570 -0.003004 1.600000 0.141003 0.002970 8.130216 0.000010 6.517979 -0.302116
13.920000 0.132360 -0.004327 1.600000 0.386001 -0.008386 8.167804 0.000010 -6.515498 0.542714
13.980000 0.132068 -0.006102 1.600000 0.142231 0.011919 8.205218 0.000010 6.453162 -0.367767
14.040000 0.131852 -0.002997 1.600000 0.384788 -0.001904 8.242805 0.000010 -6.449861 -0.259032
14.100000 0.131627 -0.003247 1.600000 0.143469 -0.011596 8.280220 0.000010 6.460554 -0.711365
14.160000 0.131151 -0.012146 1.600000 0.386304 -0.038334 8.317807 0.000010 -6.523567 2.418591
14.220000 0.130219 -0.023154 1.599758 0.142194 0.052170 8.355226 0.000186 6.856853 0.411973
14.280000 0.129783 -0.001804 1.600001 0.399975 0.067658 8.392821 0.000962 -10.000000 -5.467783
14.340000 0.130024 0.016831 1.588820 0.025152 -0.137287 8.430303 -0.001972 -10.000000 10.000000
14.400000 0.130000 0.004647 1.500162 -0.361469 0.249334 8.468966 -0.136085 0.000000 0.000000
14.400000 0.130000 0.004647 1.500162 -0.361469 0.249334 8.468966 -0.136085 10.000000 -8.165058
14.460000 0.132906 0.079714 1.407996 0.061705 -0.096189 8.511283 0.843308 10.000000 3.844367
14.520000 0.134795 0.029471 1.407264 0.441739 0.049910 8.549286 0.989248 10.000000 1.539943
14.580000 0.135000 -0.010924 1.472779 0.804070 0.105707 8.585519 1.014190 1.074238 1.101700
14.640000 0.134027 -0.019141 1.562962 0.840742 0.143316 8.619657 1.015498 -10.000000 8.715946
14.700000 0.132983 0.011339 1.600000 0.514390 0.427764 8.652292 1.015272 -3.797699 -10.000000
14.760000 0.133628 0.090053 1.600000 0.391067 0.103039 8.684765 1.015253 -4.769823 -8.371153
14.820000 0.134900 0.113486 1.600002 0.236710 -0.167860 8.717126 1.015228 4.985455 10.000000
14.880000 0.135000 0.046012 1.600001 0.398163 0.155994 8.749511 1.015260 -2.946258 0.078652
14.940000 0.135000 0.016205 1.600000 0.302865 0.158539 8.781856 1.015233 2.381323 0.326276
15.000000 0.134934 0.026103 1.600000 0.379967 0.169105 8.814235 1.015225 -3.489385 -3.159938
15.060000 0.135000 0.046725 1.600000 0.267105 0.066901 8.846579 1.015296 3.428782 1.561023
15.120000 0.134948 0.048190 1.600000 0.378132 0.117450 8.878960 1.015223 -3.304545 -1.083219
15.180000 0.135000 0.045771 1.600000 0.271261 0.082419 8.911300 1.015217 3.485326 1.635122
15.240000 0.134969 0.040051 1.600000 0.384126 0.135369 8.943683 1.015302 -3.781585 -1.688266
15.300000 0.135000 0.040768 1.600000 0.261838 0.080776 8.976020 1.015222 4.348306 2.321492
15.360000 0.134906 0.039031 1.600000 0.402664 0.155962 9.008407 1.015206 -4.777882 -2.829822
15.420000 0.135000 0.045165 1.600000 0.248165 0.064456 9.040743 1.015297 4.864233 2.501106
15.480000 0.134929 0.041376 1.600000 0.405715 0.145467 9.073133 1.015230 -4.943266 -2.216703
15.540000 0.135000 0.043630 1.600000 0.245889 0.073797 9.105465 1.015195 5.073900 2.213624
15.600000 0.134935 0.040237 1.600000 0.410249 0.145504 9.137858 1.015285 -5.279125 -2.231920
15.660000 0.135000 0.043299 1.600000 0.239583 0.073350 9.170186 1.015245 5.542115 2.348097
15.720000 0.134929 0.040465 1.600000 0.419127 0.149420 9.202583 1.015210 -5.952906 -2.728469
15.780000 0.135000 0.043723 1.600000 0.226697 0.061222 9.234908 1.015241 6.511674 3.239553
15.840000 0.134885 0.039183 1.600000 0.437680 0.166186 9.267309 1.013229 -6.843953 -3.309299
15.900000 0.135000 0.045110 1.599975 0.216396 0.059187 9.299641 0.999879 7.336841 3.549844
15.960000 0.135000 0.043631 1.600000 0.454713 0.174494 9.332124 1.026356 -9.540932 -10.000000
16.020000 0.134883 0.034233 1.600000 0.147110 -0.147910 9.364364 -0.043219 6.719608 3.483532
16.080000 0.133709 0.008366 1.600000 0.401314 -0.016127 9.402194 0.014201 -10.000000 -2.920808
16.140000 0.132472 -0.035928 1.588912 0.027098 -0.125429 9.439616 0.001890 -10.000000 10.000000
16.200000 0.130000 -0.064968 1.500998 -0.359569 0.261238 9.478283 0.000042 0.000000 0.000000
16.200000 0.130000 -0.064968 1.500998 -0.359569 0.261238 9.478283 0.000042 10.000000 -10.000000
16.260000 0.129195 -0.001282 1.410318 0.054944 -0.153275 9.519734 -0.000026 10.000000 0.982570
16.320000 0.127002 -0.043868 1.408661 0.483529 -0.111163 9.562592 0.000010 10.000000 1.293818
16.380000 0.122304 -0.116508 1.498395 0.899644 -0.057326 9.604204 0.000010 -8.395909 0.300236
16.440000 0.114998 -0.166058 1.587546 0.571913 -0.045606 9.643238 0.000010 -10.000000 -3.728006
16.500000 0.104876 -0.216724 1.600000 0.191784 -0.187319 9.681251 0.000010 5.396142 10.000000
16.560000 0.091414 -0.273070 1.600000 0.399641 0.197877 9.719771 0.000010 -6.287851 -5.654159
16.620000 0.078077 -0.227062 1.600000 0.158516 -0.018948 9.758119 0.000010 5.660449 -1.065714
16.680000 0.064557 -0.211064 1.600000 0.376565 -0.060001 9.796640 0.000010 -5.801813 2.232754
16.740000 0.050688 -0.228364 1.600003 0.153738 0.025744 9.835047 0.000010 5.910669 0.969881
16.800000 0.037157 -0.220836 1.600000 0.381450 0.063111 9.873572 0.000010 -6.047028 -2.350328
16.860000 0.024436 -0.196355 1.600002 0.150151 -0.026789 9.911822 0.000010 6.218136 2.819829
16.920000 0.012248 -0.186164 1.600002 0.388610 0.081346 9.950171 0.000010 -6.261238 -4.312586
16.980000 0.001206 -0.166666 1.600000 0.150411 -0.082717 9.988214 0.000010 8.832403 10.000000
17.040000 -0.009196 -0.154081 1.600001 0.487111 0.298492 10.026335 0.000059 5.471975 7.689491
17.100000 -0.014993 -0.024352 1.599864 0.693146 0.588024 10.063988 0.000433 5.204757 -0.851507
17.160000 -0.013234 0.185309 1.600000 0.888808 0.556013 10.101581 0.000337 -3.739245 -4.045679
17.220000 -0.002084 0.416340 1.600000 0.746175 0.401692 10.139725 -0.044608 -2.307295 0.100179
17.280000 0.020507 0.652824 1.570325 0.652870 0.405743 10.180165 -0.270089 -0.785035 0.305293
17.340000 0.059766 0.915464 1.505065 0.615943 0.420104 10.227203 3.044272 0.682328 -0.027972
17.400000 0.098729 0.923503 1.447680 0.643633 0.418969 10.267785 4.879337 1.487301 0.075705
17.460000 0.119484 0.736856 1.421898 0.679632 0.420801 10.291989 5.000000 1.740102 0.174292
17.520000 0.130294 0.511668 1.409000 0.710218 0.423865 10.309566 5.000000 1.755522 0.180940
17.580000 0.135000 0.273563 1.402235 0.736034 0.426525 10.324271 5.000000 1.638813 0.279761
17.640000 0.135000 0.031939 1.399061 0.758773 0.430407 10.338147 4.995434 1.410925 0.591423
17.700000 0.130279 -0.204974 1.398523 0.779662 0.439167 10.352952 5.000000 1.061986 0.612511
17.760000 0.119417 -0.428041 1.400714 0.798562 0.450065 10.370749 5.000000 0.604621 -0.356845
17.820000 0.098848 -0.619981 1.407951 0.813182 0.441437 10.394930 1.424697 -0.153946 1.715791
17.880000 0.057326 -0.478114 1.417396 0.805814 0.523564 10.442796 0.000010 -0.098773 -5.831479
17.940000 0.026440 -0.243217 1.446598 0.801133 0.247191 10.490189 0.000010 -3.891882 -10.000000
18.000000 0.008582 -0.100000 1.514203 0.636325 -0.176274 10.532535 0.000010 0.000000 0.000000
18.000000 0.008582 -0.100000 1.514203 0.636325 -0.176274 10.532535 0.000010 2.847625 10.000000
18.060000 -0.003443 -0.101728 1.580817 0.748955 0.219250 10.572088 0.000010 -10.000000 2.730178
18.120000 -0.009646 -0.032350 1.600000 0.371123 0.322405 10.609871 0.000010 -1.049649 -10.000000
18.180000 -0.010184 0.087738 1.600000 0.331685 -0.053315 10.647443 0.000010 -2.522448 -1.589997
18.240000 -0.007920 0.106928 1.600001 0.237098 -0.112937 10.684941 0.000010 1.681590 1.487137
18.300000 -0.005134 0.052672 1.600002 0.300271 -0.057068 10.722509 0.000010 -1.871170 2.474168
18.360000 -0.003038 0.009451 1.600001 0.230107 0.035706 10.760006 0.000010 1.886763 -0.167769
18.420000 -0.001399 0.011157 1.600000 0.300937 0.029408 10.797546 0.000010 -1.959766 -0.306162
18.480000 0.000225 0.029250 1.600000 0.227470 0.017931 10.835034 0.000010 1.957107 -1.334582
18.540000 0.002117 0.039738 1.600000 0.300948 -0.032175 10.872578 0.000010 -1.958907 0.904558
18.600000 0.003944 0.031797 1.600000 0.227505 0.001738 10.910070 0.000010 1.929107 -0.228431
18.660000 0.005728 0.026576 1.600000 0.299929 -0.006838 10.947612 0.000010 -1.913273 0.741656
18.720000 0.007397 0.025373 1.600000 0.228203 0.020966 10.985101 0.000010 1.904674 -0.397564
18.780000 0.009241 0.033138 1.600000 0.299711 0.006040 11.022645 0.000010 -1.852233 0.686412
18.840000 0.011392 0.042636 1.600000 0.230255 0.031779 11.060143 0.000010 2.121124 -3.679900
18.900000 0.013819 0.044546 1.600001 0.309907 -0.106407 11.097695 0.000010 -1.053631 -0.489916
18.960000 0.014821 -0.004985 1.600000 0.270407 -0.124774 11.135184 0.000010 1.322571 10.000000
19.020000 0.014178 -0.042239 1.600000 0.319990 0.250123 11.172674 0.000010 4.315948 2.105762
19.080000 0.015849 0.056737 1.600000 0.482066 0.329200 11.210226 0.000010 -7.742787 -10.000000
19.140000 0.022337 0.205416 1.600000 0.190317 -0.047600 11.247906 -0.000011 9.297105 -10.000000
19.200000 0.030883 0.205016 1.600000 0.542956 -0.426900 11.285836 0.000017 -10.000000 9.221639
19.260000 0.036601 0.047626 1.600000 0.166744 -0.079971 11.323458 0.000437 7.610270 10.000000
19.320000 0.039761 -0.025128 1.600000 0.452980 0.296147 11.361069 -0.001877 3.943737 8.080423
19.380000 0.044803 0.101439 1.598277 0.601278 0.600000 11.398673 -0.013085 7.276012 -2.309765
19.440000 0.056695 0.342026 1.600000 0.880590 0.511333 11.437061 0.127879 -4.604764 -3.265716
19.500000 0.078395 0.596361 1.600000 0.698542 0.382224 11.476596 0.183694 -2.569000 -0.707396
19.560000 0.112664 0.847547 1.555960 0.587588 0.351672 11.519785 5.000000 -0.723459 -10.000000
19.620000 0.126447 0.645588 1.536620 0.574644 0.172756 11.537677 4.905239 1.424963 -10.000000
19.680000 0.133107 0.422845 1.532544 0.595743 0.024689 11.552484 4.993788 -0.857068 -10.000000
19.740000 0.134210 0.171937 1.537292 0.584622 -0.105062 11.565459 4.998302 -10.000000 -10.000000
19.800000 0.130000 -0.100000 1.542595 0.450053 -0.239632 11.578916 5.000000 0.000000 0.000000
