24.643000 0 0.000000 7
2.841000 1 198.708746 1
3.098000 1 127.803812 1
3.267000 1 102.137181 1
3.137000 1 87.616533 1
2.766000 1 77.947652 1
2.453000 1 70.911788 1
3.723000 1 65.494553 1
3.292000 1 61.547629 1
3.115000 1 60.000000 1
3.329000 1 60.000000 1
2.948000 1 60.000000 1
2.758000 1 60.000000 1
3.685000 1 59.999999 1
3.263000 1 59.999999 1
34.221000 1 59.999997 10
17.354000 1 60.002099 5
14.306000 1 60.029589 4
16.483000 1 60.064593 4
13.635000 1 60.047254 4
15.006000 1 60.005975 4
18.248000 1 60.090609 5
66.173000 1 60.318685 18
14.730000 1 60.558682 4
10.524000 1 60.825380 3
11.882000 1 61.007094 3
10.431000 1 60.982156 3
10.492000 1 60.707230 3
12.791000 1 60.499422 3
11.053000 1 60.466864 3
11.006000 1 60.726973 3
12.805000 1 63.161535 3
11.055000 1 68.990100 3
10.564000 1 77.870204 3
9.923000 1 93.295748 3
11.663000 1 72.056298 3
11.295000 1 69.583129 3
12.183000 1 66.479951 3
11.792000 1 62.556671 3
12.827000 1 59.786354 3
15.384000 1 58.453782 4
35.064000 1 58.059938 10
20.340000 1 58.015134 6
16.986000 1 58.055786 5
34.467000 1 58.072916 10
16.871000 1 58.053736 5
24.491000 1 58.029914 7
38.544000 1 58.034849 13
10.804000 1 58.037858 4
19.045000 1 58.034650 6
17.869000 1 58.032408 6
41.780000 1 58.152287 15
8.956000 1 58.739346 3
9.307000 1 60.703070 3
10.419000 1 64.911668 3
10.248000 1 70.544727 3
11.235000 1 75.781785 3
10.714000 1 79.082401 3
12.245000 1 81.714285 3
11.155000 1 84.254205 3
10.037000 1 93.057098 3
11.753000 1 90.433578 3
10.731000 1 81.797198 3
10.663000 1 76.772469 3
12.036000 1 73.433339 3
10.892000 1 71.326888 3
10.332000 1 68.725599 3
26.541000 1 64.842216 8
19.847000 1 61.112524 6
19.850000 1 59.032014 6
28.803000 1 58.208905 9
16.195000 1 58.030659 5
16.156000 1 58.035375 5
38.544000 1 58.060965 13
14.389000 1 58.046062 5
13.454000 1 58.039638 5
13.966000 1 58.023996 5
50.507000 1 58.152811 18
14.991000 1 58.748436 5
12.087000 1 60.742372 4
10.232000 1 64.816982 3
11.195000 1 70.111555 3
10.565000 1 74.804647 3
9.789000 1 77.601065 3
10.184000 1 80.063856 3
10.987000 1 83.059504 3
9.437000 1 90.497204 3
10.122000 1 91.213580 3
10.473000 1 82.414224 3
10.268000 1 77.555083 3
11.598000 1 74.136855 3
9.820000 1 71.782254 3
16.285000 1 69.764571 4
15.650000 1 66.396066 4
7.695000 1 62.346954 2
3.904000 1 59.658526 1
4.337000 1 58.403074 1
4.074000 1 58.046556 1
37.089000 1 58.022269 11
4.136000 1 58.048763 1
3.905000 1 58.073056 1
3.403000 1 58.042662 1
3.870000 1 58.033423 1
3.575000 1 58.075919 1
3.430000 1 58.107233 1
2.925000 1 58.068403 1
3.518000 1 58.022728 1
4.145000 1 58.238043 1
3.609000 1 59.230697 1
4.189000 1 61.043962 1
41.391000 1 62.983393 12
15.829000 1 64.524321 5
17.149000 1 66.886930 5
12.657000 1 88.781428 4
17.140000 1 81.721546 5
28.286000 1 72.208466 8
33.229000 1 66.184616 11
12.956000 1 61.901243 4
11.222000 1 60.122007 3
11.674000 1 60.037155 3
11.683000 1 60.003306 3
9.857000 1 60.001032 3
11.214000 1 60.002537 3
20.642000 1 60.015535 6
33.343000 1 60.024613 11
21.297000 1 61.470277 7
10.788000 1 65.423163 3
10.447000 1 71.533016 3
7.456000 1 80.693697 2
8.237000 1 99.805862 2
4.691000 1 66.345650 1
4.647000 1 66.296077 1
3.179000 1 62.742783 1
4.368000 1 59.966039 1
3.852000 1 58.555606 1
4.022000 1 58.062114 1
3.567000 1 58.056674 1
3.204000 1 58.495160 1
4.264000 1 59.946637 1
3.111000 1 62.630841 1
25.895000 1 65.585428 8
14.115000 1 67.881806 4
14.361000 1 68.172935 4
15.920000 1 96.241371 5
16.654000 1 78.136892 5
12.372000 1 69.546326 4
12.308000 1 64.000595 4
13.891000 1 61.191362 4
49.214000 1 60.834814 16
14.177000 1 61.337274 4
11.243000 1 61.955060 3
10.076000 1 62.235183 3
10.869000 1 62.132969 3
9.341000 1 61.979028 3
11.948000 1 62.113405 3
9.908000 1 62.915931 3
11.204000 1 64.373575 3
10.169000 1 68.883404 3
10.708000 1 77.680783 3
13.486000 1 91.531502 3
11.803000 1 74.503758 3
11.374000 1 71.817531 3
11.201000 1 69.544553 3
11.655000 1 65.974885 3
12.012000 1 61.928776 3
16.735000 1 59.433373 4
37.455000 1 58.332651 10
18.829000 1 58.036299 5
28.584000 1 58.027893 8
20.901000 1 58.042831 6
12.724000 1 58.048709 3
7.777000 1 58.034317 2
7.965000 1 58.033668 2
3.126000 1 58.037341 1
6.865000 1 58.028502 2
4.139000 1 58.051150 1
3.973000 1 58.091405 1
3.268000 1 58.109804 1
3.548000 1 58.056836 1
4.427000 1 58.058152 1
3.797000 1 58.385358 1
16.147000 1 59.837023 4
6.670000 1 63.072144 2
32.360000 1 67.363679 9
15.816000 1 71.397073 5
13.839000 1 70.346148 4
15.994000 1 101.259874 5
12.883000 1 79.097049 4
12.975000 1 69.066295 4
15.025000 1 63.053395 4
40.587000 1 60.695117 12
28.236000 1 60.604476 9
10.150000 1 60.783926 3
11.009000 1 61.124176 3
12.121000 1 61.389328 3
10.653000 1 61.415866 3
10.534000 1 61.443966 3
11.898000 1 61.673293 3
11.080000 1 62.418398 3
11.613000 1 64.485690 3
10.286000 1 69.861001 3
10.906000 1 79.731710 3
10.776000 1 88.421837 3
12.922000 1 73.339500 3
11.466000 1 71.087774 3
11.011000 1 68.466696 3
11.835000 1 64.576232 3
11.354000 1 60.954175 3
14.498000 1 58.960591 4
21.435000 1 58.192051 6
29.989000 1 58.025474 8
32.174000 1 58.040206 9
16.555000 1 58.060245 4
7.336000 1 58.048808 2
7.473000 1 58.032454 2
4.240000 1 58.033170 1
3.424000 1 58.037827 1
3.440000 1 58.032413 1
4.360000 1 58.031311 1
4.274000 1 58.056481 1
4.018000 1 58.094392 1
4.225000 1 58.062378 1
4.228000 1 58.026385 1
4.036000 1 58.264829 1
2.986000 1 59.366178 1
2.779000 1 61.886738 1
3.047000 1 65.214837 1
4.353000 1 68.018749 1
2.798000 1 68.111569 1
3.539000 1 98.090117 1
3.434000 1 79.609987 1
2.229000 1 69.796736 1
3.858000 1 63.851309 1
3.251000 1 60.770939 1
2.328000 1 60.007175 1
2.776000 1 60.002660 1
3.118000 1 60.000523 1
3.424000 1 60.000442 1
3.152000 1 60.000365 1
2.730000 1 60.000362 1
2.982000 1 60.000362 1
3.018000 1 60.000362 1
36.269000 1 60.000368 11
12.925000 1 60.002519 4
13.828000 1 60.030815 4
14.620000 1 60.079196 4
14.689000 1 60.093335 4
18.764000 1 60.083042 6
38.090000 1 60.087743 12
11.809000 1 60.079702 3
11.092000 1 60.030338 3
10.908000 1 60.002828 3
11.593000 1 60.020096 3
10.727000 1 60.025331 3
14.336000 1 60.009829 4
13.982000 1 60.002003 4
7.753000 1 60.008746 2
3.728000 1 61.076059 1
3.609000 1 64.737908 1
39.987000 1 71.222468 12
6.520000 1 81.042073 2
3.826000 1 99.183629 1
5.141000 1 66.918188 1
4.326000 1 67.270446 1
4.347000 1 63.688480 1
3.303000 1 60.510666 1
3.816000 1 58.798217 1
3.576000 1 58.113037 1
3.798000 1 58.046111 1
3.285000 1 58.576825 1
3.052000 1 60.288443 1
3.190000 1 62.753792 1
4.667000 1 64.921335 1
3.444000 1 66.114540 1
3.279000 1 67.540348 1
3.484000 1 91.836251 1
3.640000 1 78.002303 1
3.235000 1 69.823761 1
3.202000 1 64.451152 1
3.136000 1 61.106275 1
3.194000 1 60.003181 1
3.232000 1 60.000628 1
2.968000 1 60.000521 1
2.680000 1 60.000442 1
3.805000 1 60.000440 1
3.230000 1 60.000440 1
2.704000 1 60.000440 1
2.754000 1 60.000439 1
3.107000 1 60.000439 1
2.962000 1 60.000439 1
3.183000 1 60.000439 1
3.019000 1 60.000439 1
