0.000000 0.000000 0.000000 1.000000 5.130630 0.000000 0.000000
0.300000 0.000507 0.002537 2.019501 5.130670 0.008754 0.198709
0.600000 0.001400 0.001370 2.675220 5.130631 -0.027244 0.326513
0.900000 0.000718 -0.004102 3.199248 5.130633 0.032377 0.428650
1.200000 0.000895 0.002557 3.648777 5.130631 -0.020249 0.516266
1.500000 0.000866 0.000227 4.048697 5.130630 0.006126 0.594214
1.800000 0.000902 -0.000252 4.412519 5.130630 -0.001274 0.665126
2.100000 0.000913 -0.000231 4.748548 4.085491 0.001603 0.730620
2.400000 0.000932 0.000095 5.000000 0.000000 -0.000515 0.792168
2.700000 0.000948 0.000201 5.000000 -0.000000 -0.000155 0.852168
3.000000 0.000966 0.000159 5.000000 -0.000000 -0.000255 0.912168
3.300000 0.000982 0.000059 5.000000 -0.000000 0.000058 0.972168
3.600000 0.000999 0.000014 5.000000 0.000000 0.000111 1.032168
3.900000 0.001015 0.000020 5.000000 -0.000000 -0.000031 1.092168
4.200000 0.001017 -0.000085 5.000000 -0.000000 -0.001410 1.152168
4.500000 0.001082 0.000634 5.000000 -0.000000 0.015046 1.212168
4.800000 0.003114 0.020333 5.000000 0.000000 0.203523 1.272170
5.100000 0.012314 0.085242 5.000000 -0.000000 0.011429 1.332200
5.400000 0.026224 0.117627 5.000000 -0.000000 -0.180778 1.392264
5.700000 0.037938 0.055921 5.000000 -0.000000 -0.372929 1.452311
6.000000 0.037674 -0.099514 5.000000 0.000000 -0.180910 1.512317
6.300000 0.021853 -0.244814 5.000000 -0.000000 0.011380 1.572408
6.600000 -0.008892 -0.303763 5.000000 -0.000000 0.204400 1.632727
6.900000 -0.049837 -0.267570 5.000000 0.000000 0.025565 1.693285
7.200000 -0.099722 -0.224722 5.000000 -0.000000 -0.023263 1.754111
7.500000 -0.154910 -0.201698 5.000000 0.000000 0.025812 1.815118
7.800000 -0.209388 -0.165612 5.000000 -0.000000 0.220955 1.876100
8.100000 -0.255508 -0.083284 5.000000 0.000000 0.043915 1.936807
8.400000 -0.294260 -0.030795 5.000000 -0.000000 -0.149684 1.997307
8.700000 -0.331733 -0.071894 5.000000 -0.000000 -0.343178 2.057774
9.000000 -0.378397 -0.219658 5.000000 -4.421083 -0.295262 2.118500
9.300000 -0.443234 -0.427258 4.720758 -5.293564 -0.093147 2.181662
9.600000 -0.532515 -0.611558 4.355554 -5.424156 0.127621 2.250652
9.900000 -0.651340 -0.690955 3.933174 -5.636326 0.115843 2.328522
10.200000 -0.813916 -0.750000 3.407329 -2.761400 -0.182704 2.421818
10.500000 -0.946619 -0.750000 3.208353 -2.969246 -0.148635 2.493874
10.800000 -1.067430 -0.725663 3.001743 -3.094028 0.074031 2.563458
11.100000 -1.165652 -0.602007 2.796052 -2.523656 0.286767 2.629937
11.400000 -1.233342 -0.391558 2.638181 -1.618957 0.207241 2.692494
11.700000 -1.273771 -0.186245 2.541389 -0.795584 0.015924 2.752280
12.000000 -1.293569 -0.041621 2.494884 -0.232825 -0.171128 2.810734
12.300000 -1.299879 0.029199 2.481366 -0.000120 -0.356920 2.868794
12.600000 -1.300000 0.033934 2.481359 0.019191 -0.410000 2.926809
12.900000 -1.298642 0.004048 2.482474 0.005211 -0.410000 2.984865
13.200000 -1.298573 -0.035087 2.482776 -0.027449 -0.385717 3.042938
13.500000 -1.299999 -0.059738 2.481183 -0.000122 -0.199945 3.100992
13.800000 -1.300000 -0.049445 2.481176 0.001046 -0.301209 3.159022
14.100000 -1.299978 -0.041617 2.481236 -0.001553 -0.297775 3.217057
14.400000 -1.299911 -0.038334 2.481146 0.002453 -0.308620 3.275094
14.700000 -1.300000 -0.039862 2.481289 -0.000214 -0.331755 3.333129
15.000000 -1.299706 -0.036288 2.481276 0.086649 -0.151355 3.391161
15.300000 -1.293611 0.014292 2.486315 0.622432 0.034732 3.449314
15.600000 -1.274238 0.132675 2.522876 1.183096 0.222698 3.508053
15.900000 -1.232118 0.318317 2.594694 2.294342 0.270327 3.568756
16.200000 -1.157707 0.529457 2.743623 3.382569 0.062610 3.633668
16.500000 -1.045006 0.686182 2.982246 4.227017 -0.163134 3.704213
16.800000 -0.893108 0.741243 3.302577 4.547247 -0.341769 3.779994
17.100000 -0.707713 0.712858 3.662184 4.426874 -0.259316 3.859077
17.400000 -0.491506 0.671694 4.023923 4.013524 -0.322229 3.940791
17.700000 -0.247402 0.640024 4.362079 1.975012 -0.052657 4.025045
18.000000 0.052562 0.750000 4.545868 -4.732880 0.245126 4.118102
18.300000 0.333550 0.749997 4.117856 -3.890206 0.064123 4.208536
18.600000 0.542570 0.750000 3.799649 -3.103115 0.127382 4.290333
18.900000 0.714431 0.750000 3.561415 -2.865794 0.118414 4.367106
19.200000 0.863880 0.750000 3.350970 -3.019749 0.179806 4.440539
19.500000 0.998548 0.750000 3.135581 -3.248231 0.044024 4.511866
19.800000 1.113612 0.682447 2.912344 -2.988101 -0.175897 4.580591
20.100000 1.199665 0.510769 2.718589 -2.150374 -0.306073 4.645434
20.400000 1.254296 0.287944 2.587174 -1.215371 -0.110513 4.706546
20.700000 1.284442 0.107530 2.515428 -0.498760 0.078389 4.765578
21.000000 1.297196 -0.000912 2.486396 -0.089876 0.264658 4.823787
21.300000 1.300000 -0.036777 2.481180 0.011643 0.410000 4.881818
21.600000 1.299447 -0.018456 2.481856 0.003938 0.410000 4.939853
21.900000 1.299005 0.019308 2.482085 -0.012111 0.407916 4.997914
22.200000 1.299911 0.050018 2.481382 -0.007875 0.229787 5.055960
22.500000 1.299970 0.049764 2.480925 0.012033 0.325806 5.114000
22.800000 1.299738 0.040930 2.481623 0.080142 0.144041 5.172024
23.100000 1.293725 -0.013373 2.486283 0.612396 -0.042048 5.230177
23.400000 1.274192 -0.134998 2.522261 1.217100 -0.230043 5.288925
23.700000 1.231729 -0.321644 2.596190 2.290011 -0.245429 5.349667
24.000000 1.157749 -0.526119 2.744622 3.324555 -0.038015 5.414484
24.300000 1.047303 -0.672442 2.977712 4.087542 0.186342 5.484596
24.600000 0.900957 -0.717778 3.283479 4.301136 0.360107 5.559401
24.900000 0.725374 -0.683294 3.617251 4.102867 0.264425 5.637002
25.200000 0.522636 -0.644184 3.945743 3.747140 0.278444 5.717065
25.500000 0.292144 -0.631692 4.256978 3.650394 0.012653 5.800125
25.800000 0.007367 -0.750000 4.587329 -4.804584 -0.196711 5.890622
26.100000 -0.273807 -0.750000 4.149086 -3.597073 -0.084081 5.981836
26.400000 -0.484964 -0.750000 3.852636 -2.992208 -0.115483 6.064250
26.700000 -0.659870 -0.750000 3.620575 -2.749827 -0.127548 6.141805
27.000000 -0.812606 -0.750000 3.416711 -2.829205 -0.146306 6.215942
27.300000 -0.950291 -0.750000 3.213624 -3.130561 -0.136603 6.287724
27.600000 -1.073086 -0.719992 2.995222 -3.154134 0.086644 6.357489
27.900000 -1.170827 -0.588994 2.785800 -2.496889 0.299111 6.423885
28.200000 -1.236859 -0.374157 2.630127 -1.564954 0.191708 6.486232
28.500000 -1.275749 -0.171841 2.536764 -0.748627 0.000801 6.545890
28.800000 -1.294365 -0.032826 2.493042 -0.200107 -0.186089 6.604293
29.100000 -1.300000 0.032004 2.481426 -0.005130 -0.371838 6.662340
29.400000 -1.300000 0.031640 2.481128 0.024375 -0.410000 6.720362
29.700000 -1.298805 -0.000114 2.482543 -0.007932 -0.410000 6.778411
30.000000 -1.298898 -0.037809 2.482083 -0.013574 -0.354830 6.836484
30.300000 -1.300000 -0.057308 2.481295 0.008587 -0.221119 6.894527
30.600000 -1.299437 -0.042930 2.481793 0.039376 -0.212966 6.952560
30.900000 -1.297351 -0.024096 2.484080 -0.004189 -0.398809 7.010636
31.200000 -1.297578 -0.040214 2.483837 -0.042303 -0.404959 7.068743
31.500000 -1.300000 -0.062676 2.481380 -0.003592 -0.219140 7.126812
31.800000 -1.299541 -0.039444 2.481172 0.254444 -0.033467 7.184834
32.100000 -1.289429 0.051164 2.495990 0.776217 0.152895 7.243072
32.400000 -1.262584 0.198927 2.541966 1.472226 0.072798 7.302303
32.700000 -1.216777 0.341591 2.631836 1.952327 -0.122543 7.363347
33.000000 -1.154077 0.424441 2.754801 2.079837 -0.324090 7.426330
33.300000 -1.078982 0.438542 2.889001 2.627858 -0.286737 7.490855
33.600000 -0.992537 0.416297 3.064770 5.624144 -0.410000 7.557742
33.900000 -0.884585 0.233592 3.564090 5.383771 -0.410000 7.646523
34.200000 -0.812364 0.055970 4.004060 5.209679 -0.165281 7.728245
34.500000 -0.771865 -0.016685 4.380243 5.158381 0.065786 7.800453
34.800000 -0.745084 0.006847 4.721648 4.496710 0.128249 7.866638
35.100000 -0.721981 0.062311 5.000000 0.000000 -0.069835 7.928539
35.400000 -0.702977 0.062283 5.000000 0.000000 -0.262226 7.988661
35.700000 -0.692810 -0.017724 5.000000 -0.000000 -0.094829 8.048698
36.000000 -0.690541 -0.089962 5.000000 0.000000 0.095235 8.108701
36.300000 -0.691853 -0.081866 5.000000 0.000000 0.287218 8.168703
36.600000 -0.689743 0.014359 5.000000 0.000000 0.095210 8.228705
36.900000 -0.683109 0.098917 5.000000 -0.000000 -0.096840 8.288721
37.200000 -0.674600 0.097878 5.000000 -3.875096 -0.288919 8.348745
37.500000 -0.673153 -0.026618 4.761797 -5.111770 -0.362587 8.410215
37.800000 -0.690714 -0.261525 4.427369 -5.156148 -0.153233 8.475639
38.100000 -0.735811 -0.489614 4.058534 -5.236485 0.075673 8.547172
38.400000 -0.816982 -0.618740 3.635982 -5.428235 0.042849 8.627865
38.700000 -0.957600 -0.749995 3.094213 -1.535857 -0.181240 8.727671
39.000000 -1.063872 -0.719867 2.992315 -2.840041 0.031066 8.794017
39.300000 -1.159183 -0.613251 2.804032 -2.471285 0.243214 8.860313
39.600000 -1.227986 -0.419265 2.648976 -1.665497 0.228519 8.923056
39.900000 -1.270398 -0.214074 2.549103 -0.868355 0.036628 8.983022
40.200000 -1.292289 -0.062907 2.498256 -0.285805 -0.150750 9.041577
40.500000 -1.300000 0.019559 2.481662 0.010075 -0.279449 9.099639
40.800000 -1.297523 0.063071 2.482247 0.486321 -0.093667 9.157696
41.100000 -1.281551 0.139205 2.510694 1.022438 0.093517 9.216191
41.400000 -1.246339 0.271229 2.571986 1.858812 0.133305 9.276138
41.700000 -1.187427 0.422511 2.688405 2.536408 -0.067114 9.338769
42.000000 -1.105482 0.522785 2.854756 2.900160 -0.276987 9.404354
42.300000 -1.005348 0.538847 3.051624 2.102035 -0.410000 9.472236
42.600000 -0.896593 0.489126 3.194926 5.954320 -0.410000 9.540409
42.900000 -0.756372 0.237520 3.767978 5.437547 -0.410000 9.636650
43.200000 -0.674337 0.069793 4.192851 5.242462 -0.159962 9.714787
43.500000 -0.623863 0.002385 4.557445 5.178184 0.062586 9.784334
43.800000 -0.586819 0.036310 4.888852 1.816404 0.267388 9.848334
44.100000 -0.547653 0.151272 5.000000 0.000000 0.237879 9.909526
44.400000 -0.497575 0.289817 5.000000 -0.000000 0.043208 9.970360
44.700000 -0.434025 0.381855 5.000000 0.000000 -0.003169 10.031698
45.000000 -0.356881 0.406513 5.000000 0.000000 -0.201425 10.093653
45.300000 -0.274239 0.338061 5.000000 -0.000000 -0.204073 10.155888
45.600000 -0.193547 0.229544 5.000000 0.000000 -0.005247 10.218021
45.900000 -0.115866 0.177068 5.000000 -0.000000 0.193086 10.280000
46.200000 -0.035576 0.238965 5.000000 0.000000 0.391849 10.342113
46.500000 0.058942 0.414490 5.000000 -0.019523 0.234170 10.405029
46.800000 0.175261 0.595347 4.998743 -5.582992 0.028175 10.469403
47.100000 0.315220 0.713014 4.614168 -5.740612 -0.192252 10.538286
47.400000 0.477392 0.726097 4.168233 -5.942743 -0.093063 10.615967
47.700000 0.671528 0.750000 3.624284 -2.913851 0.199838 10.707498
48.000000 0.826509 0.750000 3.407191 -2.979777 0.138785 10.782002
48.300000 0.964702 0.750000 3.193191 -3.196692 0.114364 10.853820
48.600000 1.085926 0.710054 2.970879 -3.137320 -0.108178 10.923364
48.900000 1.180546 0.566948 2.763894 -2.400430 -0.319298 10.989339
49.200000 1.242876 0.345714 2.615239 -1.449277 -0.164803 11.051268
49.500000 1.278833 0.148986 2.529103 -0.665874 0.025384 11.110701
49.800000 1.295399 0.019710 2.490261 -0.152761 0.212048 11.169034
50.100000 1.300000 -0.034781 2.481395 -0.006336 0.397764 11.227070
50.400000 1.300000 -0.025661 2.481028 0.015805 0.410000 11.285098
50.700000 1.299332 0.009374 2.481945 -0.010501 0.410000 11.343141
51.000000 1.299813 0.042864 2.481335 -0.002618 0.276356 11.401190
51.300000 1.300000 0.049789 2.481184 0.000736 0.282235 11.459224
51.600000 1.299995 0.045601 2.481226 -0.002760 0.290365 11.517258
51.900000 1.300000 0.041785 2.481066 0.003692 0.318297 11.575295
52.200000 1.300000 0.039375 2.481280 0.022625 0.247791 11.633324
52.500000 1.298569 0.027355 2.482594 0.031934 0.286886 11.691375
52.800000 1.296935 0.025373 2.484449 -0.016150 0.410000 11.749466
53.100000 1.297860 0.048634 2.483510 -0.038180 0.362562 11.807576
53.400000 1.300000 0.062618 2.481294 0.011895 0.176780 11.865633
53.700000 1.297898 0.024572 2.481984 0.404813 -0.009006 11.923691
54.000000 1.284358 -0.082739 2.505619 0.926357 -0.195839 11.982076
54.300000 1.250660 -0.256526 2.561050 1.935191 -0.244226 12.041913
54.600000 1.189076 -0.454751 2.683107 2.872509 -0.042395 12.104985
54.900000 1.096285 -0.602743 2.876609 3.465934 0.173168 12.172349
55.200000 0.973892 -0.654406 3.124067 1.144414 0.401639 12.243746
55.500000 0.840250 -0.619164 3.204572 6.437304 0.410000 12.314092
55.800000 0.654466 -0.352587 3.856413 5.701073 0.410000 12.415352
56.100000 0.535542 -0.172236 4.307351 5.386892 0.302184 12.494449
56.400000 0.456600 -0.056950 4.679403 5.084528 0.081172 12.563516
56.700000 0.400895 -0.028438 5.000000 0.000000 -0.120599 12.626569
57.000000 0.355123 -0.065904 5.000000 0.000000 -0.056465 12.687264
57.300000 0.312429 -0.126969 5.000000 -0.000000 -0.191891 12.747869
57.600000 0.263837 -0.223998 5.000000 0.000000 -0.119612 12.808652
57.900000 0.205548 -0.309385 5.000000 -0.000000 0.075986 12.869777
58.200000 0.140621 -0.315692 5.000000 -0.000000 0.235660 12.931166
58.500000 0.075063 -0.241684 5.000000 -0.000000 0.039129 12.992582
58.800000 0.008852 -0.189578 5.000000 0.000000 -0.157492 13.054026
59.100000 -0.062441 -0.233026 5.000000 0.000000 -0.354846 13.115699
59.400000 -0.148316 -0.385138 5.000000 -1.746763 -0.254833 13.178117
59.700000 -0.255958 -0.568732 4.887359 -5.526666 -0.048479 13.242603
60.000000 -0.388320 -0.706257 4.501260 -5.691157 0.175077 13.312464
60.300000 -0.547474 -0.741275 4.047495 -5.784420 0.091017 13.392196
60.600000 -0.727202 -0.750000 3.536026 -2.768539 -0.191933 13.480618
60.900000 -0.873584 -0.750000 3.332982 -2.997583 -0.175736 13.553957
61.200000 -1.006403 -0.750000 3.119891 -3.227392 -0.027741 13.625045
61.500000 -1.119491 -0.675476 2.898922 -2.936630 0.191352 13.693512
61.800000 -1.203441 -0.498073 2.709286 -2.091144 0.295349 13.758088
62.100000 -1.256483 -0.276732 2.581822 -1.168852 0.100296 13.819042
62.400000 -1.285480 -0.100173 2.512905 -0.469808 -0.088378 13.878003
62.700000 -1.297512 0.004160 2.485566 -0.074157 -0.274593 13.936195
63.000000 -1.300000 0.036663 2.481263 0.010019 -0.410000 13.994220
63.300000 -1.299333 0.017080 2.481845 0.008242 -0.410000 14.052260
63.600000 -1.298933 -0.021094 2.482323 -0.018809 -0.410000 14.110321
63.900000 -1.299999 -0.052032 2.481232 -0.002171 -0.225332 14.168369
64.200000 -1.299999 -0.049233 2.481106 0.002779 -0.297535 14.226402
64.500000 -1.300000 -0.043710 2.481267 -0.005023 -0.296719 14.284435
64.800000 -1.299980 -0.040109 2.480975 0.005446 -0.298892 14.342473
65.100000 -1.300000 -0.039810 2.481291 -0.004289 -0.335435 14.400505
65.400000 -1.300000 -0.038944 2.481042 0.040721 -0.197340 14.458537
65.700000 -1.298060 -0.024303 2.483407 -0.000939 -0.383121 14.516593
66.000000 -1.297946 -0.038119 2.483352 -0.034630 -0.406055 14.574687
66.300000 -1.300000 -0.059569 2.481341 0.007815 -0.220255 14.632750
66.600000 -1.299175 -0.036350 2.481795 0.247165 -0.034571 14.690776
66.900000 -1.288691 0.053923 2.496196 0.812566 0.151877 14.749041
67.200000 -1.260492 0.210415 2.544435 1.650668 0.214192 14.808407
67.500000 -1.207902 0.393440 2.646589 2.465197 0.016155 14.870294
67.800000 -1.129360 0.530115 2.807357 2.955785 -0.192533 14.935509
68.100000 -1.028072 0.579294 3.008405 1.908297 -0.410000 15.003528
68.400000 -0.915742 0.544872 3.138383 6.091675 -0.410000 15.071639
68.700000 -0.761799 0.295206 3.735916 5.535214 -0.410000 15.169729
69.000000 -0.666944 0.099984 4.176574 5.269587 -0.410000 15.249339
69.300000 -0.616850 -0.058797 4.544374 5.160300 -0.212951 15.319136
69.600000 -0.597893 -0.142932 4.873866 2.075566 -0.008627 15.382987
69.900000 -0.596831 -0.147283 5.000000 -0.000000 0.185840 15.443758
70.200000 -0.601339 -0.075071 5.000000 -0.000000 0.194870 15.503765
70.500000 -0.603758 0.028199 5.000000 0.000000 0.002862 15.563768
70.800000 -0.603275 0.078568 5.000000 -0.000000 -0.189140 15.623769
71.100000 -0.602814 0.044062 5.000000 -0.000000 -0.103624 15.683769
71.400000 -0.602871 -0.011142 5.000000 0.000000 0.041395 15.743769
71.700000 -0.602830 -0.029964 5.000000 -0.000000 0.064962 15.803770
72.000000 -0.602817 -0.016457 5.000000 0.000000 0.034246 15.863770
72.300000 -0.602783 0.003469 5.000000 0.000000 -0.009724 15.923771
72.600000 -0.602608 0.012459 5.000000 -0.000000 -0.010609 15.983771
72.900000 -0.600501 0.027088 5.000000 -0.000000 0.181399 16.043773
73.200000 -0.591200 0.084915 5.000000 0.000000 0.053463 16.103804
73.500000 -0.575857 0.126569 5.000000 0.000000 -0.138790 16.163883
73.800000 -0.559148 0.100676 5.000000 -0.000000 -0.139627 16.223977
74.100000 -0.543391 0.044078 5.000000 0.000000 0.052639 16.284060
74.400000 -0.527191 0.025800 5.000000 0.000000 0.070683 16.344148
74.700000 -0.511784 0.029824 5.000000 0.000000 -0.121572 16.404227
75.000000 -0.502637 -0.009904 5.000000 -0.000000 -0.197465 16.464258
75.300000 -0.503277 -0.087993 5.000000 0.000000 -0.005456 16.524260
75.600000 -0.510880 -0.123438 5.000000 -0.000000 0.186609 16.584280
75.900000 -0.519529 -0.073470 5.000000 -0.000000 0.198295 16.644306
76.200000 -0.524742 0.018406 5.000000 0.000000 0.006499 16.704316
76.500000 -0.526946 0.064157 5.000000 0.000000 -0.185507 16.764318
76.800000 -0.531516 0.007795 5.000000 -2.582600 -0.377535 16.824326
77.100000 -0.549140 -0.166373 4.842265 -5.151775 -0.280640 16.885402
77.400000 -0.588657 -0.401117 4.508750 -5.210084 -0.073479 16.950140
77.700000 -0.657397 -0.594895 4.137675 -5.332563 0.154433 17.021363
78.000000 -0.761424 -0.668212 3.705513 -5.559727 0.087229 17.102405
78.300000 -0.918371 -0.749996 3.154079 -1.475648 -0.229168 17.201589
78.600000 -1.033257 -0.726292 3.055331 -2.983507 -0.015030 17.268507
78.900000 -1.137023 -0.641851 2.854629 -2.692147 0.200235 17.335777
79.200000 -1.213729 -0.463421 2.683171 -1.888343 0.256836 17.399466
79.500000 -1.262244 -0.254666 2.568906 -1.048783 0.063201 17.459976
79.800000 -1.288909 -0.093870 2.507239 -0.423232 -0.124953 17.518775
80.100000 -1.300000 0.001141 2.482644 -0.057952 -0.217797 17.576888
80.400000 -1.298569 0.064722 2.479280 0.569210 -0.032049 17.634934
80.700000 -1.280853 0.164270 2.512623 1.191141 0.155396 17.693511
81.000000 -1.241588 0.309454 2.584435 1.971309 0.015347 17.753799
81.300000 -1.180750 0.433969 2.708142 2.410770 -0.185465 17.816553
81.600000 -1.102093 0.488014 2.864652 2.380031 -0.393213 17.881474
81.900000 -1.012985 0.462870 3.022007 2.466077 -0.410000 17.947589
82.200000 -0.918168 0.394697 3.188566 5.716582 -0.410000 18.015129
82.500000 -0.806683 0.163195 3.713556 5.322176 -0.410000 18.106965
82.800000 -0.748137 -0.013125 4.128698 5.170343 -0.269068 18.184968
83.100000 -0.726433 -0.118453 4.489711 5.132810 -0.045632 18.254791
83.400000 -0.725454 -0.131539 4.820526 2.937076 0.160611 18.319242
83.700000 -0.730679 -0.064836 5.000000 0.000000 0.193463 18.380349
84.000000 -0.733287 0.031703 5.000000 0.000000 0.001453 18.440352
84.300000 -0.732729 0.077723 5.000000 0.000000 -0.190549 18.500353
84.600000 -0.732274 0.041125 5.000000 -0.000000 -0.095544 18.560353
84.900000 -0.732327 -0.012791 5.000000 -0.000000 0.044155 18.620353
85.200000 -0.732287 -0.029714 5.000000 -0.000000 0.064300 18.680354
85.500000 -0.732273 -0.015416 5.000000 -0.000000 0.031778 18.740354
85.800000 -0.732251 0.003988 5.000000 -0.000000 -0.012404 18.800355
86.100000 -0.732236 0.010803 5.000000 -0.000000 -0.024125 18.860355
86.400000 -0.732220 0.005948 5.000000 -0.000000 -0.011827 18.920356
86.700000 -0.732204 -0.001106 5.000000 0.000000 0.003830 18.980356
87.000000 -0.732187 -0.003793 5.000000 -0.000000 0.008767 19.040357
