0.000000 0.000000 0.000000 1.000000 0.000000 0.000000 0.000000
0.060000 0.000400 0.011978 1.025813 0.602477 0.054693 0.060248
0.120000 0.002353 0.043124 1.197124 1.000000 0.018817 0.114711
0.180000 0.005330 0.059412 1.383370 1.000000 0.009910 0.161236
0.240000 0.008687 0.059220 1.524854 0.864056 -0.056328 0.202476
0.300000 0.011958 0.055174 1.599998 0.481151 0.145706 0.240767
0.360000 0.017102 0.112143 1.599995 0.106009 0.095966 0.278281
0.420000 0.023949 0.148055 1.599994 0.465901 -0.210804 0.316134
0.480000 0.029564 0.082138 1.599989 0.113362 -0.049891 0.353699
0.540000 0.034025 0.041685 1.599987 0.426209 0.109287 0.391409
0.600000 0.037781 0.040089 1.600000 0.197062 -0.265136 0.428851
0.660000 0.037823 -0.052246 1.599996 0.529459 -0.165043 0.466509
0.720000 0.033349 -0.164925 1.599996 0.154712 -0.131569 0.503983
0.780000 0.024887 -0.222530 1.599997 0.461462 0.248241 0.541964
0.840000 0.016313 -0.152861 1.599993 0.107184 -0.012873 0.579748
0.900000 0.007896 -0.115925 1.599988 0.422624 -0.002764 0.617730
0.960000 0.000642 -0.093901 1.599984 0.146500 0.136525 0.655389
1.020000 -0.004922 -0.069287 1.599975 0.442193 -0.240916 0.693133
1.080000 -0.012653 -0.156690 1.599968 0.235896 -0.181728 0.730889
1.140000 -0.023431 -0.240562 1.599968 0.345801 0.199650 0.769027
1.200000 -0.033187 -0.159202 1.599997 0.500231 0.443232 0.807005
1.260000 -0.037839 0.022307 1.599992 0.297928 0.066833 0.844645
1.320000 -0.038594 0.095040 1.599989 0.349961 -0.308086 0.882137
1.380000 -0.039386 0.001695 1.599977 0.240987 -0.023327 0.919648
1.440000 -0.039781 -0.024608 1.599965 0.437290 0.351658 0.957146
1.500000 -0.036187 0.115962 1.595664 0.707499 0.600015 0.994775
1.560000 -0.025023 0.344687 1.599961 0.867497 0.509297 1.033057
1.620000 -0.003426 0.598181 1.591426 0.705725 0.441859 1.072963
1.680000 0.033209 0.879243 1.532665 0.587155 0.433180 1.118069
1.740000 0.078909 1.000288 1.390253 0.111302 0.424769 1.165654
1.800000 0.106091 0.844670 1.278161 0.308167 0.411880 1.197166
1.860000 0.121988 0.647330 1.192632 0.064688 0.474710 1.221514
1.920000 0.130770 0.430080 1.108030 0.038114 0.497393 1.242092
1.980000 0.134755 0.205585 1.042504 0.229039 0.527310 1.261185
2.040000 0.135000 -0.017507 1.002208 0.419946 0.552631 1.280275
2.100000 0.131667 -0.230206 0.987042 0.623792 0.576439 1.300660
2.160000 0.124152 -0.422007 1.002604 0.851987 0.588783 1.323653
2.220000 0.110915 -0.577702 1.042541 0.854147 0.575538 1.351010
2.280000 0.089263 -0.672170 1.096391 0.833889 0.514507 1.385767
2.340000 0.056658 -0.710182 1.170515 0.815806 0.388038 1.429838
2.400000 0.015037 -0.430108 1.293300 0.863449 0.219982 1.488773
2.460000 -0.010907 -0.253267 1.424749 0.967676 0.137327 1.537026
2.520000 -0.026675 -0.127904 1.543094 1.000001 0.256961 1.578796
2.580000 -0.034011 0.014143 1.596908 0.659101 0.372026 1.617145
2.640000 -0.033484 0.168745 1.599998 0.283811 -0.003264 1.654674
2.700000 -0.028538 0.191275 1.599999 0.420806 -0.379650 1.692313
2.760000 -0.025591 0.014221 1.599995 0.702370 -0.600001 1.729869
2.820000 -0.029855 -0.243979 1.599995 0.815287 -0.505637 1.767524
2.880000 -0.043788 -0.501176 1.576183 0.635558 -0.425268 1.806119
2.940000 -0.070869 -0.776879 1.500644 0.524097 -0.407877 1.849227
3.000000 -0.095013 -0.752854 1.423851 0.504638 -0.405525 1.882813
3.060000 -0.112216 -0.653500 1.348117 0.352652 -0.412695 1.911129
3.120000 -0.123773 -0.520449 1.290247 0.582708 -0.426435 1.936307
3.180000 -0.131069 -0.371534 1.261471 0.657085 -0.444164 1.959562
3.240000 -0.134732 -0.214250 1.249182 0.729042 -0.460226 1.981578
3.300000 -0.135000 -0.056204 1.250411 0.787200 -0.470062 2.003136
3.360000 -0.131769 0.096409 1.262214 0.825450 -0.470368 2.025008
3.420000 -0.124581 0.236566 1.282510 0.843647 -0.456603 2.048160
3.480000 -0.112466 0.348146 1.311341 0.845268 -0.422443 2.074322
3.540000 -0.093778 0.371284 1.354104 0.837375 -0.355371 2.107596
3.600000 -0.072479 0.117649 1.425312 0.845427 -0.260005 2.154764
3.660000 -0.064606 -0.058184 1.493790 0.878953 -0.254741 2.196055
3.720000 -0.067008 -0.231170 1.560862 0.907909 -0.265008 2.235877
3.780000 -0.076001 -0.309575 1.596747 0.894342 -0.490883 2.271109
3.840000 -0.087576 -0.365719 1.600000 0.755963 -0.439413 2.304279
3.900000 -0.100786 -0.419243 1.599999 0.526324 -0.113959 2.336824
3.960000 -0.114065 -0.411013 1.599999 0.281479 0.171267 2.368505
4.020000 -0.124613 -0.284479 1.599996 0.363325 0.166694 2.399097
4.080000 -0.131166 -0.117240 1.599995 0.198763 -0.101642 2.428629
4.140000 -0.134242 -0.015612 1.599994 0.489674 -0.258154 2.457720
4.200000 -0.135001 0.002059 1.599994 0.578894 -0.546380 2.486543
4.260000 -0.135000 -0.042942 1.599995 0.689082 -0.387324 2.515433
4.320000 -0.134984 -0.103000 1.599997 0.403319 -0.220303 2.544236
4.380000 -0.134999 -0.140402 1.600002 0.577871 -0.107308 2.573128
4.440000 -0.134969 -0.140411 1.600008 0.428668 -0.161662 2.601931
4.500000 -0.134996 -0.121421 1.600014 0.586042 -0.154859 2.630816
4.560000 -0.134994 -0.097932 1.600018 0.524119 -0.326367 2.659575
4.620000 -0.134992 -0.087819 1.600019 0.444829 -0.076632 2.688512
4.680000 -0.134617 -0.078721 1.600018 0.197772 0.155834 2.720612
4.740000 -0.134269 -0.041101 1.600015 0.359225 0.043819 2.758801
4.800000 -0.134666 0.003194 1.600015 0.168156 -0.021426 2.796295
4.860000 -0.134896 0.010885 1.600015 0.360785 -0.008400 2.833864
4.920000 -0.134794 0.007125 1.600014 0.167672 0.003402 2.871295
4.980000 -0.134540 0.004529 1.600013 0.359534 -0.012327 2.908847
5.040000 -0.134103 0.010443 1.600009 0.175172 0.071542 2.946030
5.100000 -0.133231 0.017187 1.600007 0.390304 -0.183122 2.983440
5.160000 -0.134251 -0.044648 1.600005 0.575517 -0.511389 3.018583
5.220000 -0.135048 -0.028613 1.600006 0.723233 -0.456062 3.044140
5.280000 -0.134827 -0.092706 1.600009 0.433456 -0.236748 3.073117
5.340000 -0.135045 -0.150470 1.600015 0.406432 0.067989 3.103591
5.400000 -0.135043 -0.122517 1.600020 0.365375 -0.061875 3.134004
5.460000 -0.135041 -0.071413 1.600025 0.469256 -0.187284 3.164384
5.520000 -0.135038 -0.046676 1.600028 0.420465 -0.253297 3.194654
5.580000 -0.135035 -0.053104 1.600028 0.464266 -0.218243 3.224882
5.640000 -0.135031 -0.069468 1.600028 0.386437 -0.183386 3.254999
5.700000 -0.135029 -0.080177 1.600028 0.457872 -0.164104 3.285068
5.760000 -0.135040 -0.082043 1.600028 0.409467 -0.184527 3.315020
5.820000 -0.135088 -0.080553 1.600028 0.462370 -0.170985 3.344916
5.880000 -0.135088 -0.076816 1.600028 0.425976 -0.206546 3.374690
5.940000 -0.135088 -0.076960 1.600028 0.490005 -0.206546 3.404400
6.000000 -0.135088 -0.079897 1.600028 0.435370 -0.210887 3.433985
6.060000 -0.135088 -0.083856 1.600028 0.500715 -0.205981 3.463498
6.120000 -0.135087 -0.086818 1.600028 0.452208 -0.214911 3.492881
6.180000 -0.135088 -0.089212 1.600027 0.515743 -0.212013 3.522182
6.240000 -0.135082 -0.090718 1.600027 0.478351 -0.232476 3.551344
6.300000 -0.135088 -0.093318 1.600027 0.537337 -0.227211 3.580416
6.360000 -0.135088 -0.095832 1.600027 0.501470 -0.244831 3.609339
6.420000 -0.135078 -0.098655 1.600028 0.549730 -0.229492 3.638154
6.480000 -0.135070 -0.102174 1.600028 0.636554 -0.359222 3.666780
6.540000 -0.135089 -0.106103 1.600028 0.800854 -0.453924 3.694603
6.600000 -0.133948 -0.061206 1.600028 0.558419 -0.253980 3.718846
6.660000 -0.130120 0.005393 1.600027 0.399963 -0.016010 3.742643
6.720000 -0.123144 -0.022243 1.600018 0.314560 0.305692 3.779012
6.780000 -0.116430 0.087736 1.600006 0.262573 0.009505 3.816605
6.840000 -0.109781 0.140673 1.600005 0.280165 -0.100085 3.854327
6.900000 -0.103243 0.119576 1.600004 0.255339 0.013270 3.892044
6.960000 -0.096271 0.115371 1.600004 0.279375 0.056538 3.929804
7.020000 -0.088618 0.134989 1.600003 0.251409 -0.005514 3.967599
7.080000 -0.080948 0.130395 1.600003 0.290355 -0.102101 4.005412
7.140000 -0.074933 0.072607 1.600003 0.313509 -0.169146 4.043096
7.200000 -0.071371 0.013866 1.600003 0.267068 0.206279 4.080638
7.260000 -0.066610 0.086435 1.599998 0.416434 0.245438 4.118306
7.320000 -0.057212 0.248959 1.599999 0.639621 0.512285 4.156236
7.380000 -0.039245 0.473468 1.600003 0.846864 0.472610 4.195465
7.440000 -0.009342 0.723041 1.600003 0.719983 0.347274 4.237347
7.500000 0.038947 1.002818 1.571201 0.657693 0.329191 4.286073
7.560000 0.086766 0.998354 1.534096 0.667526 0.344413 4.329092
7.620000 0.113327 0.821738 1.514988 0.695619 0.347196 4.355567
7.680000 0.127176 0.598601 1.506255 0.720949 0.350090 4.373774
7.740000 0.133689 0.358489 1.502392 0.742594 0.351327 4.388248
7.800000 0.135009 0.112132 1.501380 0.762132 0.351913 4.401346
7.860000 0.131536 -0.132471 1.502920 0.781360 0.347338 4.414849
7.920000 0.122154 -0.368037 1.507968 0.801775 0.342566 4.430632
7.980000 0.103501 -0.581115 1.518214 0.823233 0.355940 4.451740
8.040000 0.061799 -0.430281 1.550103 0.845634 0.333955 4.497549
8.100000 0.031558 -0.252378 1.582323 0.844333 0.347641 4.540225
8.160000 0.013160 -0.072630 1.600003 0.824597 0.398758 4.579676
8.220000 0.005376 0.105808 1.600003 0.793450 0.433340 4.617502
8.280000 0.007663 0.284491 1.600003 0.772864 0.305663 4.655105
8.340000 0.019946 0.447539 1.600002 0.444392 0.073399 4.693387
8.400000 0.040252 0.503915 1.600004 0.339910 -0.322592 4.732986
8.460000 0.061980 0.362738 1.599997 0.291974 -0.170558 4.772897
8.520000 0.081470 0.242406 1.599999 0.261719 0.126477 4.812366
8.580000 0.101356 0.306622 1.599997 0.602062 0.523059 4.852024
8.640000 0.119230 0.380840 1.599996 0.780796 0.600010 4.884490
8.700000 0.128945 0.300609 1.599996 0.801611 0.531417 4.905868
8.760000 0.134011 0.221527 1.600000 0.720644 0.365959 4.926111
8.820000 0.135000 0.136760 1.599176 0.701151 0.297079 4.945898
8.880000 0.132021 0.042262 1.600000 0.597960 0.097617 4.965901
8.940000 0.124463 -0.076049 1.600000 0.386648 -0.113696 4.987032
9.000000 0.110354 -0.254650 1.600000 0.449162 -0.353608 5.011023
9.060000 0.085051 -0.577954 1.599999 0.560611 -0.599999 5.040211
9.120000 0.026552 -0.985715 1.599989 0.775776 -0.466686 5.092328
9.180000 -0.042504 -1.111845 1.544917 0.496339 -0.297552 5.148986
9.240000 -0.086142 -1.058338 1.452161 0.415809 -0.326988 5.188681
9.300000 -0.111300 -0.904567 1.379166 0.426468 -0.290164 5.216414
9.360000 -0.125388 -0.702339 1.331695 0.471065 -0.291330 5.237169
9.420000 -0.132616 -0.475685 1.300569 0.525156 -0.294628 5.254198
9.480000 -0.135000 -0.237629 1.280446 0.585006 -0.304458 5.269661
9.540000 -0.133170 0.003817 1.269440 0.652094 -0.309484 5.285206
9.600000 -0.126679 0.241806 1.268395 0.727808 -0.328679 5.302489
9.660000 -0.113789 0.466855 1.283061 0.809463 -0.319436 5.323715
9.720000 -0.090732 0.661256 1.316490 0.874725 -0.421501 5.352254
9.780000 -0.047776 0.632993 1.430576 0.956087 -0.046522 5.400016
9.840000 0.001102 0.616830 1.575249 0.888414 0.468542 5.451522
9.900000 0.059095 0.927369 1.563416 0.360603 0.599988 5.504303
9.960000 0.096773 0.863616 1.454718 0.048374 0.480315 5.538994
10.020000 0.117730 0.727727 1.339278 -0.097246 0.524775 5.564093
10.080000 0.128800 0.544008 1.238321 -0.043415 0.500497 5.583833
10.140000 0.134010 0.341118 1.159204 0.133265 0.491206 5.601501
10.200000 0.135000 0.130382 1.100423 0.307084 0.479806 5.618883
10.260000 0.132267 -0.080200 1.060737 0.492805 0.484627 5.637455
10.320000 0.125531 -0.283205 1.045830 0.704958 0.494475 5.658670
10.380000 0.113738 -0.468229 1.058196 0.789110 0.504819 5.684119
10.440000 0.094793 -0.616185 1.095539 0.839237 0.497632 5.715964
10.500000 0.065465 -0.701803 1.161569 0.847324 0.434289 5.756924
10.560000 0.023609 -0.560134 1.273313 0.857400 0.277730 5.812669
10.620000 -0.009494 -0.323864 1.394577 0.915810 0.210411 5.864221
10.680000 -0.029037 -0.159091 1.503032 0.966174 0.236092 5.907794
10.740000 -0.038726 -0.004371 1.580721 0.957416 0.391120 5.947162
10.800000 -0.039284 0.172620 1.600000 0.655955 0.430710 5.984785
10.860000 -0.030694 0.355403 1.599998 0.499440 0.050900 6.022766
10.920000 -0.015248 0.418197 1.600001 0.248340 -0.335520 6.061408
10.980000 0.001559 0.299655 1.599994 0.339085 -0.000820 6.100438
11.040000 0.018470 0.239744 1.599993 0.196438 0.053387 6.139342
11.100000 0.035003 0.252584 1.599987 0.337772 0.051172 6.178296
11.160000 0.051867 0.284823 1.599984 0.192542 0.018572 6.217194
11.220000 0.069125 0.290624 1.599973 0.348689 -0.112811 6.256273
11.280000 0.085458 0.252468 1.599967 0.190198 0.010779 6.295169
11.340000 0.101766 0.257164 1.599960 0.365803 0.146852 6.334177
11.400000 0.111982 0.165554 1.599956 0.183307 0.003720 6.363376
11.460000 0.112208 -0.121586 1.596646 0.301094 -0.160708 6.379818
11.520000 0.103481 -0.434609 1.599954 0.400649 -0.171643 6.397886
11.580000 0.080062 -0.777967 1.599932 0.152325 -0.008011 6.422719
11.640000 0.019613 -1.093814 1.599917 0.399373 0.147736 6.469555
11.700000 -0.075903 -0.962480 1.599899 0.147159 -0.110143 6.539212
11.760000 -0.111432 -0.672680 1.600004 0.431176 0.186414 6.568868
11.820000 -0.125119 -0.349957 1.600003 0.411344 0.360815 6.586308
11.880000 -0.128947 -0.011058 1.599284 0.436443 0.244723 6.600153
11.940000 -0.125442 0.336559 1.600003 0.298742 0.181789 6.613923
12.000000 -0.104533 0.518693 1.600001 0.298810 -0.063601 6.648075
12.060000 -0.074245 0.528458 1.599997 0.260806 -0.108100 6.689682
12.120000 -0.043022 0.471949 1.599992 0.269468 0.019621 6.731965
12.180000 -0.012393 0.451119 1.599990 0.263952 -0.040159 6.774067
12.240000 0.017212 0.447865 1.599990 0.275143 0.104084 6.815883
12.300000 0.048466 0.499356 1.599988 0.264211 0.007891 6.858318
12.360000 0.076241 0.439268 1.599988 0.296063 -0.165222 6.897499
12.420000 0.096980 0.318164 1.599987 0.258629 0.126768 6.933232
12.480000 0.113079 0.255647 1.599985 0.289421 0.015867 6.967053
12.540000 0.124663 0.191886 1.599984 0.239926 -0.038447 6.999443
12.600000 0.131678 0.101618 1.599981 0.299434 -0.074627 7.030888
12.660000 0.134420 0.010735 1.599982 0.270741 0.189775 7.061796
12.720000 0.134990 -0.008138 1.599980 0.494013 0.310424 7.092633
12.780000 0.134989 0.031037 1.599980 0.327660 0.220410 7.123398
12.840000 0.134991 0.073086 1.600000 0.431321 0.116480 7.154226
12.900000 0.135000 0.084981 1.600000 0.314039 0.099113 7.184991
12.960000 0.135000 0.073919 1.600000 0.444212 0.128651 7.215814
13.020000 0.135000 0.060117 1.600000 0.334194 0.167380 7.246579
13.080000 0.135000 0.055971 1.600000 0.447682 0.165991 7.277403
13.140000 0.134992 0.058640 1.599999 0.333328 0.168869 7.308169
13.200000 0.135000 0.063261 1.599999 0.432458 0.137923 7.338992
13.260000 0.134977 0.063635 1.599999 0.342641 0.167221 7.369760
13.320000 0.135000 0.064206 1.599999 0.421364 0.127135 7.400582
13.380000 0.134943 0.060635 1.599999 0.349082 0.172972 7.431365
13.440000 0.134999 0.063689 1.599999 0.450818 0.171369 7.462257
13.500000 0.134769 0.051995 1.599998 0.208904 -0.039691 7.492722
13.560000 0.134570 0.060059 1.599996 0.353743 -0.095356 7.530315
13.620000 0.134998 0.011729 1.599995 0.178929 -0.032751 7.567645
13.680000 0.134997 -0.019059 1.599995 0.349733 0.036614 7.605193
13.740000 0.134800 -0.012591 1.599994 0.180707 0.024896 7.642634
13.800000 0.134694 0.002206 1.599995 0.346492 -0.002333 7.680193
13.860000 0.134712 0.005658 1.599995 0.181764 -0.014963 7.717635
13.920000 0.134734 0.001031 1.599996 0.345472 0.005210 7.755194
13.980000 0.134772 -0.000717 1.599996 0.182530 -0.008514 7.792636
14.040000 0.134712 -0.002540 1.599997 0.344741 0.011087 7.830194
14.100000 0.134689 -0.000366 1.599997 0.183261 -0.007542 7.867636
14.160000 0.134654 0.000164 1.599998 0.344164 0.015397 7.905194
14.220000 0.134764 0.003675 1.599998 0.184026 -0.013926 7.942637
14.280000 0.134848 0.002128 1.600000 0.343415 0.013369 7.980193
14.340000 0.134982 0.001867 1.600000 0.185565 -0.030177 8.017632
14.400000 0.134782 -0.007900 1.600000 0.342679 0.001025 8.055199
14.460000 0.134861 0.004806 1.599999 0.193053 0.075530 8.093328
14.520000 0.135000 -0.003047 1.599997 0.418638 0.199024 8.126602
14.580000 0.134966 0.023021 1.599995 0.257026 0.157409 8.159055
14.640000 0.134999 0.049707 1.599995 0.378990 0.062262 8.191462
14.700000 0.134942 0.051044 1.599996 0.268400 0.113139 8.223784
14.760000 0.134999 0.046696 1.599996 0.379585 0.078560 8.256182
14.820000 0.134961 0.038854 1.599996 0.275574 0.137570 8.288507
14.880000 0.134998 0.040500 1.599996 0.379709 0.097177 8.320904
14.940000 0.134973 0.040989 1.599996 0.271467 0.123002 8.353231
15.000000 0.134997 0.043360 1.599996 0.379733 0.096713 8.385625
15.060000 0.134985 0.042265 1.599997 0.269864 0.114683 8.417954
15.120000 0.134996 0.042300 1.599997 0.382143 0.104858 8.450346
15.180000 0.134993 0.041727 1.599997 0.268483 0.111757 8.482675
15.240000 0.134995 0.041994 1.599996 0.382856 0.107722 8.515067
15.300000 0.134994 0.041972 1.599997 0.268253 0.109954 8.547397
15.360000 0.134994 0.042154 1.599997 0.382510 0.107802 8.579788
15.420000 0.134994 0.041994 1.599997 0.268804 0.109850 8.612119
15.480000 0.134993 0.042098 1.599997 0.381994 0.108009 8.644509
15.540000 0.134993 0.041964 1.599997 0.269377 0.109894 8.676840
15.600000 0.134994 0.042163 1.600000 0.381884 0.108679 8.709231
15.660000 0.135000 0.042187 1.600000 0.269557 0.109290 8.741561
15.720000 0.135000 0.042083 1.600000 0.379480 0.105564 8.773951
15.780000 0.134990 0.041583 1.599999 0.273573 0.114845 8.806283
15.840000 0.135000 0.042390 1.599998 0.377030 0.103686 8.838673
15.900000 0.135000 0.042172 1.600000 0.274906 0.114144 8.871014
15.960000 0.134936 0.039464 1.600000 0.344478 0.049036 8.903481
16.020000 0.133999 0.007951 1.599999 0.214731 -0.054051 8.935778
16.080000 0.132185 -0.006547 1.599998 0.320871 -0.055084 8.973552
16.140000 0.130380 -0.038275 1.599998 0.207331 0.013844 9.010959
16.200000 0.127266 -0.083280 1.599999 0.494825 -0.355120 9.048520
16.260000 0.119423 -0.209083 1.599994 0.243716 -0.051148 9.086334
16.320000 0.108404 -0.254642 1.599990 0.362762 0.259961 9.124480
16.380000 0.098070 -0.166541 1.599982 0.216072 0.034278 9.162514
16.440000 0.088678 -0.118729 1.599980 0.322382 -0.097584 9.200504
16.500000 0.079325 -0.144645 1.599977 0.214437 -0.024646 9.238423
16.560000 0.069790 -0.168320 1.599977 0.312968 0.019051 9.276430
16.620000 0.060007 -0.170864 1.599977 0.216091 -0.014896 9.314390
16.680000 0.049968 -0.168016 1.599977 0.314560 0.055006 9.352447
16.740000 0.040532 -0.146473 1.599975 0.217434 0.009727 9.390375
16.800000 0.031544 -0.138086 1.599974 0.311713 -0.040280 9.428327
16.860000 0.022046 -0.164884 1.599970 0.242331 -0.120011 9.466261
16.920000 0.011056 -0.206666 1.599967 0.302937 0.107190 9.504409
16.980000 0.000306 -0.182542 1.599965 0.238181 0.026831 9.542491
17.040000 -0.008811 -0.114846 1.599964 0.516748 0.406131 9.580421
17.100000 -0.012284 0.043631 1.599960 0.432114 0.224335 9.618020
17.160000 -0.008565 0.223614 1.599961 0.808079 0.522383 9.655616
17.220000 0.004509 0.429102 1.599963 0.805576 0.434993 9.694042
17.280000 0.029045 0.649355 1.599966 0.736620 0.302100 9.734638
17.340000 0.069826 0.889622 1.591858 0.721280 0.317464 9.780559
17.400000 0.106468 0.868322 1.578698 0.735721 0.358794 9.816573
17.460000 0.123995 0.661935 1.571887 0.748296 0.357889 9.836511
17.520000 0.132375 0.424621 1.568351 0.758744 0.362618 9.851168
17.580000 0.135023 0.178830 1.566489 0.768135 0.357502 9.863923
17.640000 0.132809 -0.067433 1.565970 0.777509 0.355786 9.876614
17.700000 0.124990 -0.306039 1.567025 0.787879 0.348268 9.891074
17.760000 0.108782 -0.526424 1.571059 0.800548 0.340289 9.909923
17.820000 0.077626 -0.706991 1.579939 0.814975 0.353492 9.938100
17.880000 0.021574 -0.576197 1.595851 0.820575 0.372049 9.987954
17.940000 -0.021228 -0.368063 1.600002 0.803541 0.423982 10.034113
18.000000 -0.048495 -0.177077 1.600006 0.785415 0.348217 10.075381
