75.957000 0 0.000000 16 0.000084
60.148000 9 391.408664 11 0.000086
33.377000 10 377.618247 6 0.000074
80.285000 10 396.627340 12 0.000060
51.443000 11 323.118317 8 0.000032
47.869000 8 317.346556 7 0.000057
29.091000 8 218.888464 4 0.000016
111.648000 25 808.856454 13 0.000089
140.848000 14 451.203925 20 0.000107
144.634000 6 178.430473 20 0.000190
139.330000 6 174.655496 20 0.000228
40.571000 6 178.451245 6 0.000088
100.821000 5 188.806674 14 0.000086
53.879000 5 190.053191 8 0.000048
60.520000 9 235.167182 9 0.000086
44.584000 5 186.869499 7 0.000060
64.960000 8 288.366341 10 0.000062
29.093000 7 186.460066 6 0.000057
72.316000 13 411.975160 12 0.000077
61.862000 12 359.917926 12 0.000084
106.511000 18 674.991131 17 0.000085
28.657000 18 584.185913 5 0.000051
45.493000 24 819.238728 6 0.000053
24.264000 22 734.202891 5 0.000005
63.476000 5 161.832705 10 0.000058
76.721000 5 172.286379 11 0.000090
30.631000 27 898.964408 8 0.000021
