0.000000 0.000000 0.000000 1.000000 0.000000 0.000000 0.000000 0.000010 10.000000 0.907798
0.060000 0.000400 0.011975 1.025813 0.602477 0.054693 0.060248 0.000010 7.298873 -0.658701
0.120000 0.002353 0.043128 1.197125 1.000000 0.018817 0.114711 0.000010 -0.000000 -0.191455
0.180000 0.005330 0.059413 1.383371 1.000000 0.009910 0.161236 0.000010 -3.296436 -1.606167
0.240000 0.008687 0.059221 1.524855 0.864056 -0.056328 0.202476 0.000010 -10.000000 5.276337
0.300000 0.011958 0.055172 1.600000 0.481151 0.145706 0.240767 0.000010 -10.000000 -1.325881
0.360000 0.017102 0.112145 1.600000 0.106009 0.095967 0.278281 0.000010 9.507664 -8.104282
0.420000 0.023949 0.148062 1.600000 0.465901 -0.210802 0.316133 0.000010 -9.384813 4.283609
0.480000 0.029565 0.082142 1.600000 0.113363 -0.049890 0.353698 0.000010 8.296105 4.221085
0.540000 0.034026 0.041688 1.600001 0.426208 0.109287 0.391408 0.000010 -8.309953 -2.053268
0.600000 0.038694 0.072643 1.600000 0.114509 0.032271 0.428917 0.000010 7.947579 -2.154918
0.660000 0.043725 0.097324 1.600001 0.414438 -0.049052 0.466656 0.000010 -7.952718 1.758305
0.720000 0.048762 0.089788 1.600000 0.116003 0.016930 0.504182 0.000010 7.830774 -1.024196
0.780000 0.053997 0.086620 1.600000 0.411611 -0.021733 0.541931 0.000010 -7.823473 0.190955
0.840000 0.058949 0.077287 1.600000 0.118051 -0.014567 0.579454 0.000010 7.778876 1.713227
0.900000 0.063667 0.073902 1.600000 0.411472 0.050056 0.617174 0.000010 -7.799212 -1.620232
0.960000 0.068765 0.089358 1.600000 0.118753 -0.010754 0.654706 0.000010 7.678462 -0.059780
1.020000 0.073971 0.091872 1.600000 0.408582 -0.013011 0.692452 0.000010 -7.660963 -0.411751
1.080000 0.079077 0.083155 1.600000 0.121049 -0.028464 0.729984 0.000010 7.776034 -0.702675
1.140000 0.083568 0.062943 1.600000 0.414275 -0.054961 0.767693 0.000010 -6.259021 7.924611
1.200000 0.087697 0.063011 1.600000 0.179765 0.241954 0.805161 0.000010 5.755154 -9.037323
1.260000 0.093947 0.132177 1.600000 0.397376 -0.099761 0.842972 0.000010 -4.621165 -3.256938
1.320000 0.099880 0.107788 1.600001 0.223608 -0.222229 0.880575 0.000012 3.251598 10.000000
1.380000 0.103784 0.031287 1.600000 0.345970 0.154085 0.918206 -0.000165 -2.575597 -0.332798
1.440000 0.108250 0.065270 1.600003 0.249182 0.141580 0.955785 -0.000045 2.247589 -10.000000
1.500000 0.113758 0.112888 1.600001 0.333819 -0.234990 0.993442 0.007660 -2.497772 8.764572
1.560000 0.117941 0.064639 1.600000 0.240028 0.094122 1.030992 -0.022021 2.287020 0.347328
1.620000 0.122861 0.080285 1.600006 0.326385 0.107244 1.068752 -0.255642 -2.216224 -0.393135
1.680000 0.130283 0.158585 1.600006 0.240050 0.091933 1.107709 2.101936 10.000000 8.336468
1.740000 0.135000 0.092879 1.600002 0.512086 0.318719 1.134913 5.000000 -1.951940 1.358058
1.800000 0.133890 -0.166549 1.600377 0.488154 0.335371 1.147175 0.000000 0.000000 0.000000
0.540000 0.034025 0.041685 1.599987 0.426209 0.109287 0.391409 0.000010 -6.119994 -10.000000
0.600000 0.037781 0.040091 1.600000 0.197062 -0.265136 0.428851 0.000010 8.826769 2.657960
0.660000 0.037823 -0.052244 1.600000 0.529458 -0.165044 0.466509 0.000010 -10.000000 0.893261
0.720000 0.033349 -0.164923 1.600000 0.154712 -0.131569 0.503983 0.000010 8.076411 10.000000
0.780000 0.024887 -0.222530 1.600000 0.461462 0.248240 0.541964 0.000010 -9.376644 -6.910874
0.840000 0.016314 -0.152860 1.600000 0.107185 -0.012873 0.579747 0.000010 8.304803 0.266134
0.900000 0.007896 -0.115926 1.600000 0.422624 -0.002764 0.617730 0.000010 -7.332336 3.698747
0.960000 0.000642 -0.093904 1.600001 0.146502 0.136522 0.655388 0.000010 7.834152 -10.000000
1.020000 -0.004922 -0.069287 1.600000 0.442191 -0.240913 0.693132 0.000010 -5.463926 1.567629
1.080000 -0.012654 -0.156694 1.600001 0.235899 -0.181728 0.730887 0.000010 2.881779 10.000000
1.140000 -0.023432 -0.240570 1.600001 0.345801 0.199643 0.769024 0.000010 4.492574 6.851910
1.200000 -0.033158 -0.158207 1.600000 0.516402 0.459839 0.806998 0.000010 -5.442512 -10.000000
1.260000 -0.037644 0.027782 1.600000 0.311570 0.083483 0.844634 0.000010 0.593657 -10.000000
1.320000 -0.037907 0.110918 1.600001 0.333824 -0.291381 0.882120 0.000012 -1.994337 6.244222
1.380000 -0.037876 0.023063 1.600001 0.259004 -0.057120 0.919637 -0.000165 3.348688 10.000000
1.440000 -0.037638 -0.016231 1.600000 0.384516 0.317694 0.957118 -0.000045 8.278238 7.493907
1.500000 -0.033768 0.111868 1.593408 0.696369 0.600000 0.994790 0.007660 4.901213 -2.247144
1.560000 -0.022537 0.337275 1.600001 0.884206 0.513879 1.033114 -0.022021 -4.192052 -1.742182
1.620000 -0.001003 0.590891 1.595773 0.717207 0.444475 1.072951 -0.255642 -3.748103 -0.220502
1.680000 0.035408 0.873065 1.535314 0.548839 0.434570 1.117871 2.101936 -10.000000 -0.189829
1.740000 0.080359 0.994443 1.385492 0.077166 0.425616 1.165039 5.000000 0.733012 0.442361
1.800000 0.106779 0.838910 1.251928 0.100085 0.439445 1.196301 5.000000 10.000000 0.877912
1.860000 0.122288 0.643262 1.168806 0.347107 0.461132 1.221003 5.000000 10.000000 1.161734
1.920000 0.131025 0.425789 1.130628 0.552607 0.485005 1.241553 4.999950 10.000000 1.036708
1.980000 0.135000 0.198250 1.121215 0.734219 0.503833 1.259714 5.000000 4.431410 0.687910
2.040000 0.135000 -0.030462 1.128494 0.810844 0.515728 1.277006 4.997722 1.659616 0.173146
2.100000 0.130909 -0.251337 1.144529 0.840747 0.518847 1.295024 4.999849 0.600687 -0.454374
2.160000 0.121655 -0.453441 1.168264 0.853150 0.509465 1.315672 4.994727 -0.185287 -1.216510
2.220000 0.104775 -0.619036 1.202368 0.848319 0.477748 1.341744 4.925714 -0.540402 -1.725301
2.280000 0.075839 -0.719241 1.251880 0.828992 0.416043 1.377509 5.000000 3.499774 -1.846444
2.340000 0.030055 -0.754107 1.344824 1.000000 0.325821 1.426371 0.463107 0.000000 0.000000
1.140000 -0.023431 -0.240562 1.599968 0.345801 0.199650 0.769027 0.000010 4.066322 6.413789
1.200000 -0.033187 -0.159203 1.600000 0.500231 0.443232 0.807005 0.000010 -5.374700 -10.000000
1.260000 -0.037838 0.022315 1.600000 0.297928 0.066834 0.844645 0.000010 1.387834 -10.000000
1.320000 -0.038594 0.095050 1.600001 0.349960 -0.308083 0.882136 0.000012 -2.905115 7.591314
1.380000 -0.039386 0.001699 1.600002 0.240988 -0.023328 0.919647 -0.000165 5.234965 10.000000
1.440000 -0.039779 -0.024596 1.600000 0.437285 0.351650 0.957145 -0.000045 7.180894 6.600197
1.500000 -0.036183 0.115995 1.595707 0.707486 0.600000 0.994773 0.007660 4.179494 -2.369752
1.560000 -0.025018 0.344723 1.600003 0.867480 0.509283 1.033054 -0.022021 -4.053760 -1.689891
1.620000 -0.003419 0.598213 1.591463 0.705709 0.441846 1.072960 -0.255642 -2.628721 -0.192419
1.680000 0.033218 0.879272 1.532691 0.587114 0.433167 1.118065 2.101936 -10.000000 -0.176749
1.740000 0.078918 1.000308 1.390271 0.111275 0.424756 1.165649 5.000000 0.818652 0.435011
1.800000 0.106069 0.845154 1.261693 0.137139 0.438514 1.197278 5.000000 10.000000 0.870831
1.860000 0.121993 0.649050 1.184048 0.384420 0.460045 1.222006 5.000000 10.000000 1.119824
1.920000 0.130939 0.430757 1.150502 0.587908 0.482828 1.242355 4.999950 10.000000 1.008105
1.980000 0.134998 0.202216 1.144310 0.766341 0.500812 1.260198 5.000000 2.649015 0.705013
2.040000 0.135000 -0.027690 1.152267 0.811199 0.512750 1.277131 4.997722 1.561238 0.198827
2.100000 0.130837 -0.249973 1.166869 0.838802 0.516265 1.294811 4.999849 0.578083 -0.457368
2.160000 0.121404 -0.453733 1.188619 0.850578 0.506949 1.315179 4.994727 -0.173227 -1.263136
2.220000 0.104144 -0.621045 1.220447 0.846087 0.474210 1.341097 4.925714 -0.466970 -2.290675
2.280000 0.074417 -0.722843 1.269756 0.829342 0.392070 1.376953 5.000000 0.087419 -2.386851
2.340000 0.026874 -0.762796 1.349295 0.833686 0.273522 1.426617 0.463107 1.121484 -0.957585
2.400000 -0.027479 -0.536418 1.460233 0.898562 0.218127 1.484466 0.068503 0.852091 1.753506
2.460000 -0.063634 -0.360387 1.551369 0.938316 0.299938 1.531121 -0.032668 -1.392557 3.641298
2.520000 -0.086766 -0.183647 1.600001 0.881693 0.448012 1.571785 0.005406 -10.000000 -4.612041
2.580000 -0.099343 0.001122 1.600003 0.498868 0.271451 1.610068 0.000045 -1.784416 -10.000000
2.640000 -0.103074 0.149364 1.600011 0.431645 -0.105239 1.647736 -0.000650 -5.134853 -3.775525
2.700000 -0.101921 0.142775 1.600030 0.239321 -0.246648 1.685191 -0.000318 1.793442 6.129641
2.760000 -0.100195 0.027508 1.600000 0.306679 -0.016428 1.722749 0.017204 -2.031641 2.355108
2.820000 -0.099197 -0.026637 1.600027 0.230413 0.071977 1.760288 -0.102180 2.262466 -4.019567
2.880000 -0.098865 -0.016037 1.600002 0.314449 -0.077335 1.797433 0.165212 0.057911 10.000000
2.940000 -0.099220 -0.009782 1.600344 0.316643 0.303200 1.835487 -3.443848 0.000000 0.000000
1.740000 0.078909 1.000288 1.390253 0.111302 0.424769 1.165654 5.000000 6.247293 -0.409026
1.800000 0.106091 0.844670 1.278161 0.308167 0.411880 1.197166 5.000000 -10.000000 2.580500
1.860000 0.121988 0.647330 1.192632 0.064688 0.474710 1.221514 5.000000 -1.291389 1.102292
1.920000 0.130770 0.430080 1.108030 0.038113 0.497393 1.242092 4.999950 10.000000 1.566965
1.980000 0.134755 0.205585 1.042504 0.229038 0.527310 1.261185 5.000000 10.000000 1.326354
2.040000 0.135000 -0.017507 1.002210 0.419944 0.552631 1.280275 4.997722 10.000000 1.167939
2.100000 0.131666 -0.230206 0.987045 0.623789 0.576438 1.300660 4.999849 9.924520 0.536854
2.160000 0.124152 -0.422009 1.002607 0.851969 0.588781 1.323653 4.994727 0.078957 -0.484176
2.220000 0.110915 -0.577704 1.042541 0.854129 0.575536 1.351010 4.925714 -0.582831 -1.755921
2.280000 0.089263 -0.672172 1.096387 0.833871 0.514504 1.385767 5.000000 -0.410315 -2.869662
2.340000 0.056657 -0.710183 1.170510 0.815788 0.388034 1.429838 0.463107 0.808401 -2.851574
2.400000 0.015037 -0.430107 1.293293 0.863431 0.219977 1.488773 0.068503 1.750443 -0.329380
2.460000 -0.010659 -0.244906 1.415513 0.947979 0.204068 1.537074 -0.032668 1.120907 0.600308
2.520000 -0.025331 -0.097580 1.528279 0.995031 0.229267 1.579051 0.005406 -9.370676 1.257456
2.580000 -0.031358 0.043576 1.589202 0.633801 0.277741 1.617600 0.000045 -10.000000 -10.000000
2.640000 -0.030077 0.167705 1.600000 0.257845 -0.098215 1.655195 -0.000650 7.098154 -10.000000
2.700000 -0.026187 0.130225 1.600000 0.524684 -0.474142 1.692788 -0.000318 -0.621565 2.775368
2.760000 -0.026045 -0.072807 1.600000 0.501368 -0.370035 1.730299 0.017204 8.109042 -2.176636
2.820000 -0.033510 -0.313903 1.600000 0.808376 -0.452442 1.768159 -0.102180 -3.103394 4.974284
2.880000 -0.050917 -0.547536 1.600000 0.687589 -0.258837 1.807080 0.165212 -0.786757 -0.436684
2.940000 -0.081567 -0.783588 1.581923 0.653971 -0.277497 1.849809 -3.443848 0.539646 -1.375148
3.000000 -0.105900 -0.715863 1.559921 0.670207 -0.318868 1.879896 -3.953145 1.157387 -0.270001
3.060000 -0.121631 -0.579629 1.544350 0.697412 -0.325215 1.903402 -4.076529 1.482430 -0.360903
3.120000 -0.130841 -0.416444 1.535770 0.726746 -0.332356 1.923190 -4.082100 1.587616 -0.174869
3.180000 -0.135000 -0.243994 1.532354 0.755413 -0.335514 1.941246 -4.085787 1.560626 0.424491
3.240000 -0.134678 -0.068431 1.533777 0.782790 -0.328067 1.958789 -4.081590 1.436813 0.336755
3.300000 -0.129787 0.104487 1.540287 0.808953 -0.321936 1.976998 -4.082720 1.213777 0.316103
3.360000 -0.119557 0.269622 1.552527 0.833370 -0.315575 1.997115 -4.080029 0.873904 -0.212509
3.420000 -0.102334 0.419325 1.571316 0.854057 -0.320608 2.020787 -3.970253 0.497061 0.783204
3.480000 -0.075193 0.535168 1.600000 0.868870 -0.297264 2.050589 -3.192618 0.824931 -7.702233
3.540000 -0.035403 0.556919 1.614074 0.901298 -0.600000 2.089894 0.362766 0.000000 0.000000
2.400000 0.015037 -0.430108 1.293300 0.863449 0.219982 1.488773 0.068503 2.159970 -1.712931
2.460000 -0.010907 -0.253267 1.424749 0.967676 0.137327 1.537026 -0.032668 0.773889 2.864164
2.520000 -0.026675 -0.127907 1.543094 1.000001 0.256961 1.578796 0.005406 -8.889347 3.000446
2.580000 -0.034011 0.014141 1.596908 0.659101 0.372026 1.617145 0.000045 -10.000001 -10.000001
2.640000 -0.033484 0.168746 1.600000 0.283811 -0.003264 1.654674 -0.000650 3.639749 -10.000001
2.700000 -0.028538 0.191274 1.600000 0.420805 -0.379650 1.692313 -0.000318 7.497203 -5.867281
2.760000 -0.025592 0.014219 1.600000 0.702370 -0.600001 1.729869 0.017204 2.998710 2.505998
2.820000 -0.029856 -0.243986 1.600000 0.815286 -0.505637 1.767524 -0.102180 -4.656765 2.082373
2.880000 -0.043789 -0.501186 1.576186 0.635557 -0.425268 1.806119 0.165212 -2.592613 0.288602
2.940000 -0.070870 -0.776939 1.500102 0.523783 -0.412825 1.849232 -3.443848 -0.579660 0.187252
3.000000 -0.095016 -0.753045 1.422748 0.504311 -0.406532 1.882838 -3.953145 -4.371483 -0.262746
3.060000 -0.112232 -0.653752 1.348829 0.380409 -0.413976 1.911168 -4.076529 8.101252 -0.525347
3.120000 -0.123810 -0.520562 1.292877 0.584084 -0.427184 1.936309 -4.082100 3.167245 -0.732809
3.180000 -0.131107 -0.371493 1.264217 0.657563 -0.444185 1.959509 -4.085787 3.241271 -0.708087
3.240000 -0.134757 -0.214077 1.251872 0.728741 -0.459734 1.981469 -4.081590 2.684528 -0.435704
3.300000 -0.135001 -0.055888 1.252923 0.786486 -0.469106 2.002980 -4.082720 1.751655 0.000501
3.360000 -0.131733 0.096905 1.264515 0.824735 -0.469095 2.024816 -4.080029 0.796972 0.570060
3.420000 -0.124496 0.237279 1.284592 0.843172 -0.455907 2.047949 -3.970253 0.072799 1.293670
3.480000 -0.112312 0.349072 1.313202 0.845076 -0.422062 2.074111 -3.192618 -0.232380 1.992838
3.540000 -0.093527 0.372395 1.355707 0.837341 -0.355726 2.107398 0.362766 0.162531 2.005586
3.600000 -0.072117 0.118943 1.426376 0.845003 -0.261177 2.154541 -0.080976 0.808170 0.195731
3.660000 -0.064147 -0.056995 1.494593 0.878361 -0.253098 2.195817 0.179469 0.752999 -0.244092
3.720000 -0.066442 -0.229519 1.561812 0.908325 -0.262811 2.235611 -1.167477 -0.326321 -6.053046
3.780000 -0.075318 -0.306998 1.599353 0.896835 -0.475955 2.270823 -1.676522 -5.976745 1.323035
3.840000 -0.086761 -0.362252 1.600000 0.698695 -0.432093 2.303975 -1.712870 -4.091319 10.000001
3.900000 -0.099811 -0.414912 1.600000 0.565306 -0.106074 2.336577 -1.710388 -10.000001 7.498426
3.960000 -0.112974 -0.407273 1.600001 0.248237 0.131682 2.368284 -1.709461 4.846100 -0.649484
4.020000 -0.123806 -0.295458 1.600002 0.397042 0.111750 2.398991 -1.709521 -7.504946 -6.405443
4.080000 -0.131190 -0.147800 1.600005 0.174731 -0.078032 2.428613 -1.709426 7.554253 0.129952
4.140000 -0.135001 -0.039493 1.600004 0.394607 -0.074253 2.457719 -1.709486 -1.443469 -10.000001
4.200000 -0.135443 0.022950 1.600070 0.353086 -0.361911 2.486485 -1.709460 0.000000 0.000000
2.880000 -0.043788 -0.501176 1.576183 0.635558 -0.425268 1.806119 0.165212 -2.585641 0.403433
2.940000 -0.070869 -0.776879 1.500644 0.524097 -0.407877 1.849227 -3.443848 -0.579367 0.070027
3.000000 -0.095013 -0.752855 1.423851 0.504638 -0.405525 1.882813 -3.953145 -5.367471 -0.253212
3.060000 -0.112216 -0.653501 1.348117 0.352652 -0.412695 1.911129 -4.076529 9.137205 -0.545743
3.120000 -0.123773 -0.520449 1.290247 0.582708 -0.426435 1.936307 -4.082100 3.198212 -0.762346
3.180000 -0.131069 -0.371534 1.261471 0.657085 -0.444164 1.959562 -4.085787 3.268434 -0.729562
3.240000 -0.134732 -0.214250 1.249182 0.729042 -0.460226 1.981578 -4.081590 2.697712 -0.456227
3.300000 -0.135000 -0.056204 1.250410 0.787200 -0.470062 2.003136 -4.082720 1.748865 -0.014014
3.360000 -0.131769 0.096409 1.262214 0.825450 -0.470368 2.025008 -4.080029 0.785177 0.574842
3.420000 -0.124581 0.236563 1.282482 0.843628 -0.457059 2.048160 -3.970253 0.060023 1.306075
3.480000 -0.112467 0.348122 1.311249 0.845199 -0.422888 2.074323 -3.192618 -0.240093 2.013592
3.540000 -0.093782 0.371197 1.353917 0.837209 -0.355883 2.107600 0.362766 0.166891 2.025093
3.600000 -0.072494 0.117383 1.424980 0.845082 -0.260352 2.154773 -0.080976 0.811872 0.141901
3.660000 -0.064639 -0.058610 1.493394 0.878613 -0.254491 2.196073 0.179469 0.733429 -0.256565
3.720000 -0.067066 -0.231619 1.560502 0.907827 -0.264711 2.235906 -1.167477 -0.369310 -6.293916
3.780000 -0.076081 -0.309883 1.596858 0.894815 -0.486480 2.271142 -1.676522 -4.448923 1.481071
3.840000 -0.087673 -0.365826 1.600000 0.747278 -0.437364 2.304304 -1.712870 -6.677833 10.000000
3.900000 -0.100889 -0.419095 1.600000 0.529959 -0.111931 2.336848 -1.710388 -8.110227 9.204159
3.960000 -0.114139 -0.409512 1.600000 0.273133 0.179537 2.368515 -1.709461 3.123269 -0.750454
4.020000 -0.124592 -0.280792 1.600002 0.368645 0.156585 2.399096 -1.709521 -5.766897 -9.197791
4.080000 -0.131105 -0.115817 1.600000 0.198363 -0.115003 2.428623 -1.709426 10.000000 -4.557968
4.140000 -0.134217 -0.017949 1.600000 0.489354 -0.247637 2.457722 -1.709486 1.638663 -9.190510
4.200000 -0.135000 -0.000046 1.600000 0.536581 -0.512506 2.486542 -1.709460 5.485349 4.455737
4.260000 -0.135000 -0.042900 1.600000 0.695074 -0.383766 2.515436 -1.709411 -10.000000 5.188736
4.320000 -0.134972 -0.101303 1.600000 0.407070 -0.234329 2.544236 -1.709514 5.869794 4.585946
4.380000 -0.135000 -0.139393 1.600000 0.576675 -0.101819 2.573131 -1.709436 -5.062300 -2.397348
4.440000 -0.134966 -0.139753 1.600001 0.430874 -0.170864 2.601932 -1.710202 5.175388 0.944207
4.500000 -0.135000 -0.121734 1.600000 0.580378 -0.143588 2.630819 -1.718469 -2.471835 -6.006556
4.560000 -0.134966 -0.097214 1.600000 0.509294 -0.316321 2.659577 -1.698715 1.739785 4.366647
4.620000 -0.135000 -0.089408 1.600000 0.559650 -0.189931 2.688521 -1.058283 -9.303285 10.000000
4.680000 -0.135442 -0.108209 1.608595 0.261824 0.130195 2.720533 0.121415 0.000000 0.000000
3.360000 -0.131769 0.096409 1.262214 0.825450 -0.470368 2.025008 -4.080029 0.785971 0.594541
3.420000 -0.124581 0.236566 1.282510 0.843647 -0.456603 2.048160 -3.970253 0.061955 1.305675
3.480000 -0.112466 0.348146 1.311341 0.845268 -0.422443 2.074322 -3.192618 -0.237206 2.015776
3.540000 -0.093778 0.371284 1.354104 0.837375 -0.355371 2.107596 0.362766 0.170715 2.021848
3.600000 -0.072479 0.117649 1.425312 0.845427 -0.260005 2.154764 -0.080976 0.811934 0.127494
3.660000 -0.064606 -0.058184 1.493791 0.878953 -0.254741 2.196055 0.179469 0.727152 -0.257818
3.720000 -0.067008 -0.231170 1.560862 0.907909 -0.265008 2.235877 -1.167477 -0.385092 -6.411081
3.780000 -0.076000 -0.309575 1.596747 0.894342 -0.490883 2.271109 -1.676522 -4.171805 1.551710
3.840000 -0.087576 -0.365718 1.600000 0.755963 -0.439413 2.304279 -1.712870 -7.055998 10.000000
3.900000 -0.100786 -0.419243 1.600000 0.526323 -0.113959 2.336824 -1.710388 -7.728342 9.002954
3.960000 -0.114065 -0.411013 1.600000 0.281478 0.171268 2.368505 -1.709461 2.675443 -0.149493
4.020000 -0.124613 -0.284476 1.600001 0.363325 0.166694 2.399097 -1.709521 -5.572367 -9.086342
4.080000 -0.131166 -0.117236 1.600000 0.198763 -0.101642 2.428629 -1.709426 10.000000 -5.380068
4.140000 -0.134242 -0.015607 1.600000 0.489674 -0.258154 2.457720 -1.709486 3.095461 -10.000000
4.200000 -0.135000 0.002060 1.600000 0.578893 -0.546379 2.486542 -1.709460 3.814094 5.505590
4.260000 -0.135000 -0.042960 1.600000 0.689081 -0.387324 2.515432 -1.709411 -9.921020 5.798577
4.320000 -0.134985 -0.103034 1.600000 0.403319 -0.220303 2.544236 -1.709514 6.041689 3.911026
4.380000 -0.135000 -0.140448 1.600000 0.577870 -0.107309 2.573127 -1.709436 -5.180061 -1.887064
4.440000 -0.134972 -0.140465 1.600000 0.428667 -0.161662 2.601930 -1.710202 5.448252 0.235534
4.500000 -0.135000 -0.121480 1.600000 0.586041 -0.154859 2.630816 -1.718469 -2.153213 -5.963746
4.560000 -0.135000 -0.097991 1.600000 0.524117 -0.326367 2.659574 -1.698715 -2.740043 8.630208
4.620000 -0.135000 -0.087876 1.600000 0.444828 -0.076632 2.688511 -1.058283 -7.696425 7.241856
4.680000 -0.134628 -0.078779 1.600000 0.197769 0.155834 2.720611 0.121415 4.227783 -2.933223
4.740000 -0.134284 -0.041154 1.600000 0.359223 0.043817 2.758800 0.012520 -5.095896 -1.740103
4.800000 -0.134685 0.003140 1.600000 0.168152 -0.021428 2.796295 -0.000162 5.127386 0.346731
4.860000 -0.134918 0.010826 1.600000 0.360781 -0.008402 2.833864 -0.000045 -5.160559 0.254499
4.920000 -0.134827 0.006803 1.600000 0.167613 0.001125 2.871296 -0.003215 5.112820 -0.384574
4.980000 -0.134619 0.003202 1.600000 0.359611 -0.013317 2.908848 -0.049605 -5.101338 -0.275208
5.040000 -0.134560 -0.002361 1.600000 0.169928 -0.023551 2.946031 -0.029493 5.224490 -0.830560
5.100000 -0.135000 -0.018337 1.600000 0.365425 -0.054630 2.983451 -0.463957 -5.597977 3.147727
5.160000 -0.135412 -0.008722 1.600162 0.169018 0.055812 3.018536 -2.368588 0.000000 0.000000
4.860000 -0.134896 0.010885 1.600015 0.360785 -0.008400 2.833864 -0.000045 -5.159168 0.315291
4.920000 -0.134794 0.007125 1.600015 0.167672 0.003402 2.871295 -0.003215 5.109173 -0.418847
4.980000 -0.134540 0.004529 1.600015 0.359534 -0.012327 2.908847 -0.049605 -4.958310 2.255589
5.040000 -0.134103 0.010442 1.600015 0.175172 0.071542 2.946030 -0.029493 5.750556 -6.807261
5.100000 -0.133231 0.017191 1.600016 0.390303 -0.183121 2.983440 -0.463957 5.270369 -9.341044
5.160000 -0.134251 -0.044654 1.600016 0.575515 -0.511386 3.018582 -2.368588 5.779921 2.164854
5.220000 -0.135049 -0.028644 1.600015 0.723229 -0.456060 3.044139 -1.678315 -10.000049 7.568435
5.280000 -0.134829 -0.092757 1.600016 0.433455 -0.236747 3.073116 -1.394814 -0.886814 10.000049
5.340000 -0.135049 -0.150534 1.600016 0.406431 0.067988 3.103589 -1.395221 -1.349970 -4.269976
5.400000 -0.135049 -0.122589 1.600016 0.365374 -0.061875 3.134002 -1.409297 3.419392 -4.128040
5.460000 -0.135049 -0.071487 1.600015 0.469254 -0.187283 3.164382 -1.424132 -1.611834 -2.180773
5.520000 -0.135049 -0.046746 1.600015 0.420463 -0.253295 3.194652 -1.439398 1.449036 1.159636
5.580000 -0.135049 -0.053169 1.600015 0.464264 -0.218242 3.224879 -1.454674 -2.584175 1.157373
5.640000 -0.135049 -0.069529 1.600015 0.386437 -0.183386 3.254996 -1.470739 2.375703 0.641283
5.700000 -0.135049 -0.080233 1.600015 0.457869 -0.164104 3.285064 -1.487227 -1.954071 -0.322747
5.760000 -0.135049 -0.081545 1.600015 0.399341 -0.173771 3.315016 -1.504372 2.611528 -0.451341
5.820000 -0.135049 -0.078699 1.600015 0.477417 -0.187265 3.344913 -1.522066 -1.925234 -0.550188
5.880000 -0.135049 -0.076557 1.600015 0.420092 -0.203647 3.374688 -1.540555 2.391685 -0.016168
5.940000 -0.135049 -0.077670 1.600015 0.491157 -0.204127 3.404402 -1.559389 -1.948993 -0.201129
6.000000 -0.135047 -0.080552 1.600015 0.433492 -0.210078 3.433989 -1.579312 2.325976 0.179824
6.060000 -0.135049 -0.084143 1.600015 0.502147 -0.204771 3.463506 -1.599660 -1.715684 -0.407171
6.120000 -0.135049 -0.086725 1.600015 0.451733 -0.216735 3.492890 -1.620990 2.015304 0.382582
6.180000 -0.135049 -0.088877 1.600015 0.510792 -0.205523 3.522194 -1.643311 0.146701 -2.210783
6.240000 -0.135049 -0.090789 1.600015 0.515070 -0.269998 3.551358 -1.666242 -3.723405 6.036529
6.300000 -0.135049 -0.092808 1.600015 0.406826 -0.094509 3.580429 -1.690466 7.554343 -9.196337
6.360000 -0.134608 -0.079679 1.600015 0.625481 -0.360690 3.609374 -1.716789 4.937465 -3.662066
6.420000 -0.134363 -0.085555 1.600015 0.767936 -0.466348 3.638226 -1.749722 2.326590 -2.669618
6.480000 -0.134557 -0.111643 1.600015 0.834647 -0.542894 3.666899 -1.912208 0.094929 2.738923
6.540000 -0.135049 -0.136939 1.600015 0.837290 -0.466635 3.694742 -2.625446 -1.890317 1.951536
6.600000 -0.134540 -0.105281 1.600015 0.791522 -0.419385 3.718953 -2.788510 8.339023 9.843684
6.660000 -0.131871 -0.058309 1.621205 0.987602 -0.187924 3.742467 -0.289029 0.000000 0.000000
5.700000 -0.135029 -0.080177 1.600028 0.457872 -0.164104 3.285068 -1.487227 -1.616056 -0.681866
5.760000 -0.135040 -0.082043 1.600028 0.409467 -0.184527 3.315020 -1.504372 1.769614 0.452996
5.820000 -0.135088 -0.080553 1.600028 0.462370 -0.170985 3.344916 -1.522066 -1.222367 -1.194382
5.880000 -0.135088 -0.076816 1.600028 0.425976 -0.206546 3.374690 -1.540555 2.155151 0.000005
5.940000 -0.135088 -0.076960 1.600028 0.490005 -0.206546 3.404400 -1.559389 -1.846662 -0.146713
6.000000 -0.135088 -0.079897 1.600028 0.435370 -0.210887 3.433985 -1.579312 2.214073 0.166224
6.060000 -0.135088 -0.083856 1.600028 0.500715 -0.205981 3.463498 -1.599660 -1.607775 -0.346606
6.120000 -0.135088 -0.086871 1.600028 0.453475 -0.216165 3.492881 -1.620990 1.857838 0.406934
6.180000 -0.135088 -0.089157 1.600028 0.507912 -0.204241 3.522182 -1.643311 0.411671 -2.332888
6.240000 -0.135088 -0.090993 1.600028 0.519917 -0.272273 3.551344 -1.666242 -4.210618 6.385274
6.300000 -0.135088 -0.092818 1.600028 0.397526 -0.086671 3.580411 -1.690466 8.503227 -10.000088
6.360000 -0.134623 -0.078778 1.600028 0.643641 -0.376111 3.609355 -1.716789 5.695729 -4.622355
6.420000 -0.134376 -0.085167 1.600028 0.807962 -0.509465 3.638205 -1.749722 0.073922 -0.209158
6.480000 -0.134579 -0.112211 1.600028 0.810081 -0.515462 3.666877 -1.912208 0.920587 1.808825
6.540000 -0.135088 -0.138225 1.600028 0.835711 -0.465104 3.694717 -2.625446 -1.886224 2.092775
6.600000 -0.134600 -0.106901 1.600028 0.790051 -0.414444 3.718924 -2.788510 -7.898256 10.000088
6.660000 -0.131935 -0.060319 1.600028 0.603573 -0.178341 3.742534 -0.289029 -6.318432 6.618717
6.720000 -0.129238 -0.180465 1.600028 0.375272 0.060809 3.778667 -0.036219 0.181060 9.001402
6.780000 -0.131095 -0.167901 1.600028 0.382032 0.396868 3.816001 -0.001809 -4.029440 -9.430793
6.840000 -0.132353 -0.002699 1.600028 0.230903 0.043155 3.853507 -0.000148 2.814302 -5.856550
6.900000 -0.132033 0.074348 1.600028 0.336494 -0.176579 3.891026 0.000010 -2.689202 1.909870
6.960000 -0.131774 0.019270 1.600028 0.235707 -0.105001 3.928505 0.000010 1.746568 5.405448
7.020000 -0.132446 -0.040090 1.600028 0.301239 0.097816 3.966026 0.000010 -1.552011 -1.105943
7.080000 -0.133002 -0.021422 1.600028 0.243060 0.056359 4.003512 0.000010 1.144780 -2.592812
7.140000 -0.133152 0.009007 1.600028 0.286005 -0.040909 4.041026 0.000010 -1.098650 0.439102
7.200000 -0.133340 0.003704 1.600028 0.244821 -0.024449 4.078512 -0.000017 1.058310 1.754760
7.260000 -0.133573 -0.006008 1.600028 0.284520 0.041377 4.116025 -0.000164 -0.874951 -3.296304
7.320000 -0.133711 -0.005013 1.600028 0.251725 -0.082176 4.153507 -0.003051 0.841900 3.730696
7.380000 -0.134615 -0.024126 1.600028 0.283297 0.057732 4.191009 -0.028816 -0.727966 0.058378
7.440000 -0.135088 -0.005687 1.600028 0.256111 0.059912 4.228355 -0.279186 3.486394 -10.000088
7.500000 -0.135007 0.010495 1.600479 0.381854 -0.300760 4.264422 3.494663 0.000000 0.000000
6.060000 -0.135088 -0.083856 1.600028 0.500715 -0.205981 3.463498 -1.599660 -1.650896 -0.303919
6.120000 -0.135087 -0.086818 1.600028 0.452208 -0.214911 3.492881 -1.620990 2.168332 0.098893
6.180000 -0.135088 -0.089212 1.600028 0.515743 -0.212013 3.522182 -1.643311 -1.282221 -0.701725
6.240000 -0.135082 -0.090719 1.600028 0.478351 -0.232476 3.551344 -1.666242 2.028959 0.181115
6.300000 -0.135088 -0.093321 1.600028 0.537337 -0.227211 3.580416 -1.690466 -1.240072 -0.609207
6.360000 -0.135088 -0.095838 1.600028 0.501470 -0.244831 3.609339 -1.716789 1.674828 0.532349
6.420000 -0.135078 -0.098664 1.600028 0.549730 -0.229492 3.638154 -1.749722 4.131018 -5.557293
6.480000 -0.135088 -0.102856 1.600028 0.667982 -0.388571 3.666779 -1.912208 -4.021605 5.898062
6.540000 -0.135088 -0.105490 1.600028 0.556098 -0.224482 3.694600 -2.625446 -9.467265 8.821364
6.600000 -0.133423 -0.039984 1.600028 0.326278 -0.010342 3.718875 -2.788510 1.139589 10.000088
6.660000 -0.127745 0.087421 1.600028 0.353727 0.230521 3.742961 -0.289029 -3.137746 -3.230365
6.720000 -0.114885 0.174616 1.600028 0.237458 0.110820 3.780016 -0.036219 1.344805 -3.799619
6.780000 -0.100783 0.261071 1.600028 0.289093 -0.035067 3.818412 -0.001809 -1.094444 -0.253137
6.840000 -0.085843 0.273673 1.600028 0.246821 -0.044844 3.857036 -0.000148 0.955429 0.100158
6.900000 -0.070699 0.248768 1.600029 0.283786 -0.040968 3.895725 0.000010 -0.984747 1.176462
6.960000 -0.056159 0.222439 1.600028 0.245803 0.004410 3.934296 0.000010 1.037280 1.395238
7.020000 -0.042006 0.222018 1.600028 0.285782 0.058186 3.972838 0.000010 -0.958954 -0.551886
7.080000 -0.027290 0.250018 1.600028 0.248768 0.036884 4.011436 0.000010 0.893788 -2.648214
7.140000 -0.011825 0.267793 1.600028 0.283390 -0.065698 4.050172 0.000010 -0.778995 0.467340
7.200000 0.003261 0.243211 1.600028 0.253277 -0.047632 4.088829 -0.000017 0.931632 -0.357238
7.260000 0.017226 0.205839 1.600028 0.289157 -0.061390 4.127342 -0.000164 -1.021432 4.066106
7.320000 0.029819 0.182111 1.600028 0.250035 0.094343 4.165642 -0.003051 8.851196 10.000088
7.380000 0.043969 0.256075 1.600028 0.591165 0.479752 4.204183 -0.028816 1.460543 -1.196969
7.440000 0.064986 0.458851 1.600028 0.649330 0.432084 4.244007 -0.279186 3.056758 -0.459191
7.500000 0.098745 0.737303 1.600028 0.783330 0.411954 4.287844 3.494663 -2.426341 -4.662459
7.560000 0.121888 0.685831 1.600028 0.717470 0.285397 4.314988 4.882449 -1.172899 -3.104658
7.620000 0.131679 0.477116 1.600028 0.699322 0.237361 4.330460 5.000000 -0.306451 -1.427139
7.680000 0.135088 0.241314 1.600028 0.695454 0.219347 4.343083 5.000000 0.331333 1.008126
7.740000 0.133557 -0.000087 1.599389 0.699532 0.231755 4.355391 5.000000 0.989833 -3.060873
7.800000 0.126579 -0.238811 1.600028 0.713156 0.189625 4.369154 4.994788 10.000088 -5.037505
7.860000 0.111558 -0.467991 1.615349 0.890174 0.100453 4.386856 5.000000 0.000000 0.000000
6.420000 -0.135078 -0.098655 1.600028 0.549730 -0.229492 3.638154 -1.749722 3.033092 -4.531948
6.480000 -0.135070 -0.102174 1.600028 0.636554 -0.359222 3.666780 -1.912208 5.905135 -3.403714
6.540000 -0.135089 -0.106103 1.600028 0.800854 -0.453924 3.694603 -2.625446 -10.000089 8.247406
6.600000 -0.133948 -0.061209 1.600028 0.558419 -0.253980 3.718846 -2.788510 -6.658732 10.000089
6.660000 -0.130121 0.005383 1.600028 0.399963 -0.016010 3.742643 -0.289029 -2.348203 8.845387
6.720000 -0.123145 -0.022257 1.600029 0.314560 0.305693 3.779012 -0.036219 -1.382885 -7.878792
6.780000 -0.116431 0.087743 1.600028 0.262574 0.009511 3.816605 -0.001809 0.387752 -2.597561
6.840000 -0.109746 0.141991 1.600028 0.277202 -0.088478 3.854328 -0.000148 -0.531958 2.447628
6.900000 -0.103041 0.124264 1.600028 0.257131 0.003869 3.892058 0.000010 0.453110 1.013259
6.960000 -0.095969 0.116623 1.600028 0.274243 0.042134 3.929822 0.000010 -0.502145 -1.089551
7.020000 -0.088406 0.130036 1.600028 0.255266 0.000959 3.967612 0.000010 0.735982 -2.399012
7.080000 -0.080860 0.126692 1.600028 0.283086 -0.089722 4.005412 0.000010 -0.485176 0.941888
7.140000 -0.074515 0.086754 1.600028 0.264792 -0.054207 4.043117 0.000010 0.143150 3.226367
7.200000 -0.069442 0.058084 1.600028 0.270179 0.067217 4.080752 -0.000017 6.577520 10.000089
7.260000 -0.063323 0.116662 1.600028 0.518011 0.444006 4.118431 -0.000164 -2.405537 -6.034928
7.320000 -0.051725 0.289706 1.600028 0.426026 0.213237 4.156670 -0.003051 9.131388 7.270699
7.380000 -0.032297 0.484332 1.600028 0.786086 0.499928 4.196101 -0.028816 0.089692 -2.531934
7.440000 -0.001096 0.713545 1.600028 0.789881 0.392775 4.238422 -0.279186 -1.228080 -2.208167
7.500000 0.048695 0.986306 1.600028 0.729697 0.284560 4.287428 3.494663 0.179433 0.134225
7.560000 0.094491 0.963310 1.597037 0.736886 0.289937 4.327489 4.882449 0.701990 2.224846
7.620000 0.118188 0.770785 1.593309 0.753214 0.341686 4.350749 5.000000 0.751307 0.290817
7.680000 0.130039 0.538510 1.590391 0.765266 0.346352 4.366791 5.000000 0.761107 0.596019
7.740000 0.135089 0.293209 1.588926 0.775210 0.354138 4.379855 5.000000 0.728894 0.143726
7.800000 0.135089 0.044195 1.588336 0.784112 0.355894 4.392070 4.994788 0.677899 0.059315
7.860000 0.130028 -0.200797 1.588709 0.792994 0.356671 4.405171 5.000000 0.594920 -0.017127
7.920000 0.118162 -0.433505 1.590523 0.802556 0.356396 4.421243 5.000000 0.407819 0.996200
7.980000 0.094796 -0.637253 1.593834 0.811848 0.379094 4.444029 0.732272 0.037563 0.197907
8.040000 0.046053 -0.476903 1.600028 0.813613 0.388395 4.491024 0.169123 -0.320112 0.645645
8.100000 0.010604 -0.291322 1.600028 0.799707 0.416444 4.534467 0.001925 -0.315207 -1.793135
8.160000 -0.011686 -0.107459 1.600028 0.787074 0.344581 4.574544 -0.001386 5.607751 0.606719
8.220000 -0.022700 0.064876 1.621131 1.000089 0.367627 4.612530 -0.000230 0.000000 0.000000
6.780000 -0.116430 0.087736 1.600006 0.262573 0.009505 3.816605 -0.001809 0.466356 -2.905232
6.840000 -0.109781 0.140674 1.600006 0.280165 -0.100085 3.854327 -0.000148 -0.658225 3.005374
6.900000 -0.103243 0.119574 1.600006 0.255339 0.013270 3.892044 0.000010 0.636563 1.145895
6.960000 -0.096271 0.115370 1.600006 0.279375 0.056538 3.929804 0.000010 -0.739935 -1.641779
7.020000 -0.088618 0.134991 1.600006 0.251409 -0.005514 3.967599 0.000010 1.029981 -2.554371
7.080000 -0.080948 0.130398 1.600006 0.290355 -0.102101 4.005412 0.000010 -0.757807 1.164784
7.140000 -0.074600 0.084507 1.600006 0.261782 -0.058184 4.043115 0.000010 0.355133 3.629070
7.200000 -0.069642 0.053167 1.600006 0.275147 0.078385 4.080747 -0.000017 6.703116 10.000018
7.260000 -0.063597 0.115605 1.600006 0.527678 0.455123 4.118421 -0.000164 -2.799579 -6.550032
7.320000 -0.051996 0.292184 1.600006 0.420620 0.204646 4.156662 -0.003051 9.201177 7.332997
7.380000 -0.032554 0.486237 1.600006 0.783465 0.493819 4.196096 -0.028816 0.140056 -2.380301
7.440000 -0.001323 0.713900 1.600006 0.789393 0.393063 4.238425 -0.279186 -1.205453 -2.169546
7.500000 0.048504 0.985521 1.600006 0.730302 0.286712 4.287445 3.494663 0.176677 0.054430
7.560000 0.094361 0.962404 1.597452 0.737386 0.288895 4.327545 4.882449 0.692735 2.297605
7.620000 0.118094 0.769904 1.594021 0.753514 0.342386 4.350826 5.000000 0.731685 0.251543
7.680000 0.129962 0.537690 1.591218 0.765260 0.346424 4.366879 5.000000 0.736534 0.651756
7.740000 0.135018 0.292464 1.589807 0.774888 0.354943 4.379951 5.000000 0.701924 0.055147
7.800000 0.135018 0.043541 1.589242 0.783466 0.355617 4.392172 4.994788 0.650337 0.120839
7.860000 0.129952 -0.201339 1.589611 0.791991 0.357201 4.405281 5.000000 0.566664 -0.042243
7.920000 0.118069 -0.433885 1.591346 0.801104 0.356522 4.421363 5.000000 0.386845 0.910289
7.980000 0.094670 -0.637393 1.594583 0.809925 0.377279 4.444166 0.732272 0.020549 0.303012
8.040000 0.045904 -0.476834 1.600006 0.810891 0.391519 4.491159 0.169123 -0.314076 0.361404
8.100000 0.010444 -0.291120 1.600006 0.797243 0.407224 4.534614 0.001925 -0.299508 -1.457252
8.160000 -0.011855 -0.107587 1.600006 0.785240 0.348825 4.574688 -0.001386 -6.684654 -5.475241
8.220000 -0.023065 0.058622 1.600006 0.530052 0.139807 4.612863 -0.000230 -5.105270 -6.940623
8.280000 -0.025734 0.160174 1.600009 0.338293 -0.120888 4.650424 0.000035 -1.082408 -2.792932
8.340000 -0.024081 0.120810 1.600019 0.297682 -0.225670 4.687941 0.000147 -0.294938 2.636887
8.400000 -0.022909 -0.008054 1.600007 0.286619 -0.126761 4.725451 -0.001611 0.097332 8.899028
8.460000 -0.024059 -0.085944 1.600006 0.290268 0.206877 4.762943 -0.022198 -0.424427 -4.722199
8.520000 -0.025129 -0.034212 1.600019 0.274350 0.029776 4.800447 -0.043502 3.277530 7.480707
8.580000 -0.024810 0.045537 1.600032 0.397050 0.309830 4.837882 1.696548 0.000000 0.000000
7.080000 -0.080948 0.130395 1.600003 0.290355 -0.102101 4.005412 0.000010 0.614441 -1.779145
7.140000 -0.074933 0.072607 1.600003 0.313509 -0.169146 4.043096 0.000010 -1.237018 10.000010
7.200000 -0.071371 0.013865 1.600003 0.267068 0.206279 4.080638 -0.000017 3.965347 1.039608
7.260000 -0.066609 0.086436 1.600003 0.416434 0.245439 4.118306 -0.000164 5.884205 7.035271
7.320000 -0.057211 0.248970 1.600003 0.639620 0.512285 4.156235 -0.003051 5.282829 -1.011350
7.380000 -0.039243 0.473508 1.600003 0.846864 0.472610 4.195465 -0.028816 -3.030528 -2.995639
7.440000 -0.009338 0.723102 1.600003 0.719938 0.347145 4.237348 -0.279186 -1.255434 -0.534361
7.500000 0.038947 1.002558 1.572337 0.658782 0.321115 4.286061 3.494663 0.214365 1.037603
7.560000 0.086729 0.997460 1.534079 0.667994 0.365704 4.329034 4.882449 0.970968 -0.080602
7.620000 0.113278 0.821440 1.512471 0.693723 0.363568 4.355533 5.000000 1.296969 0.174434
7.680000 0.127135 0.599150 1.502002 0.717403 0.366753 4.373791 5.000000 1.405273 -0.094726
7.740000 0.133664 0.359899 1.496724 0.737825 0.365376 4.388323 5.000000 1.415615 -0.111820
7.800000 0.135010 0.114401 1.494514 0.756448 0.363905 4.401478 4.994788 1.364839 -0.493609
7.860000 0.131579 -0.129304 1.494912 0.774958 0.357211 4.415040 5.000000 1.255577 -0.446547
7.920000 0.122282 -0.363890 1.498768 0.794842 0.350139 4.430877 5.000000 1.051916 -0.366070
7.980000 0.103825 -0.576071 1.508724 0.817070 0.342404 4.452008 0.732272 0.629278 -0.369729
8.040000 0.062549 -0.425638 1.542927 0.845943 0.325439 4.497891 0.169123 0.145385 0.053195
8.100000 0.032683 -0.250284 1.580028 0.852151 0.327711 4.540594 0.001925 -0.446949 2.469051
8.160000 0.014534 -0.073336 1.600003 0.834535 0.425029 4.580009 -0.001386 -0.928409 0.314808
8.220000 0.006932 0.105232 1.600003 0.799425 0.436934 4.617826 -0.000230 -0.674648 -3.165989
8.280000 0.009368 0.285318 1.600003 0.774057 0.317890 4.655427 0.000035 -8.643678 -6.654544
8.340000 0.021809 0.450572 1.600003 0.442938 0.062971 4.693735 0.000147 -2.600003 -10.000010
8.400000 0.042178 0.503978 1.600003 0.339964 -0.333083 4.733340 -0.001611 -2.044808 6.260171
8.460000 0.064083 0.367463 1.600004 0.258281 -0.083009 4.773286 -0.022198 0.498366 3.415622
8.520000 0.084699 0.272455 1.600004 0.278072 0.052638 4.812999 -0.043502 2.974914 7.395737
8.580000 0.105023 0.308786 1.600004 0.396237 0.346396 4.852719 1.696548 10.000010 5.605731
8.640000 0.122124 0.345581 1.600003 0.717442 0.526456 4.884839 3.644154 1.433637 1.427059
8.700000 0.130913 0.248343 1.600004 0.747396 0.556272 4.905733 3.543743 3.091386 -1.650421
8.760000 0.135010 0.160470 1.597530 0.809160 0.523297 4.925712 3.508258 -2.290615 -9.884490
8.820000 0.135010 0.074255 1.600005 0.763963 0.328263 4.945444 3.507987 10.000010 -10.000010
8.880000 0.130968 -0.017775 1.623783 0.964144 0.128082 4.965462 3.504742 0.000000 0.000000
7.380000 -0.039245 0.473468 1.600003 0.846864 0.472610 4.195465 -0.028816 -3.029484 -2.992614
7.440000 -0.009342 0.723041 1.600003 0.719983 0.347274 4.237347 -0.279186 -1.278353 -0.371098
7.500000 0.038947 1.002818 1.571201 0.657693 0.329191 4.286074 3.494663 0.228579 0.353841
7.560000 0.086766 0.998354 1.534096 0.667526 0.344413 4.329092 4.882449 1.061084 0.105105
7.620000 0.113327 0.821738 1.514989 0.695619 0.347196 4.355567 5.000000 1.391251 0.158982
7.680000 0.127176 0.598601 1.506255 0.720949 0.350090 4.373774 5.000000 1.495413 0.085410
7.740000 0.133689 0.358489 1.502392 0.742594 0.351326 4.388248 5.000000 1.491714 0.044784
7.800000 0.135009 0.112131 1.501380 0.762132 0.351913 4.401346 4.994788 1.423912 -0.338840
7.860000 0.131536 -0.132471 1.502920 0.781360 0.347338 4.414849 5.000000 1.293481 -0.302358
7.920000 0.122154 -0.368037 1.507968 0.801775 0.342565 4.430632 5.000000 1.055813 -0.131695
7.980000 0.103498 -0.581241 1.519132 0.824058 0.339786 4.451737 0.732272 0.571531 -0.241833
8.040000 0.061723 -0.432333 1.554070 0.850211 0.328720 4.497497 0.169123 -0.029237 0.617728
8.100000 0.031319 -0.256215 1.587066 0.848965 0.355035 4.540097 0.001925 -0.662756 2.234805
8.160000 0.012728 -0.075810 1.600003 0.822846 0.443108 4.579507 -0.001386 -0.881119 -1.616975
8.220000 0.004785 0.104807 1.600003 0.789476 0.381869 4.617379 -0.000230 -2.873844 -3.220226
8.280000 0.006878 0.281558 1.600003 0.681520 0.260901 4.654944 0.000035 -8.489355 -8.654554
8.340000 0.018464 0.425145 1.600003 0.357112 -0.069820 4.693158 0.000147 0.595409 -7.820944
8.400000 0.035870 0.411099 1.600003 0.380362 -0.375218 4.732207 -0.001611 -4.398564 10.000009
8.460000 0.052729 0.249136 1.600003 0.209064 0.014219 4.771150 -0.022198 7.667611 10.000009
8.520000 0.069182 0.223863 1.600003 0.507803 0.403831 4.810112 -0.043502 0.186270 0.302244
8.580000 0.089974 0.396865 1.600003 0.515216 0.415862 4.849915 1.696548 8.164124 1.640085
8.640000 0.110951 0.497751 1.600003 0.791056 0.471278 4.883702 3.644154 -0.604278 -0.644432
8.700000 0.123626 0.422041 1.600003 0.777260 0.456563 4.906530 3.543743 -3.015100 -9.639434
8.760000 0.131434 0.338587 1.600003 0.713650 0.253199 4.927627 3.508258 -1.516121 0.031821
8.820000 0.135009 0.241294 1.600003 0.683240 0.253838 4.947685 3.507987 -0.147262 -5.245294
8.880000 0.134647 0.131283 1.600003 0.680332 0.150282 4.967428 3.504742 1.048123 5.986378
8.940000 0.130291 0.010746 1.598156 0.701548 0.271458 4.987669 3.439226 1.780115 -5.143868
9.000000 0.121664 -0.107248 1.600003 0.740577 0.158673 5.009595 3.506679 -10.000009 0.350012
9.060000 0.108230 -0.235300 1.599903 0.502255 0.167019 5.033427 0.242714 0.064250 -3.537517
9.120000 0.086977 -0.148912 1.600003 0.504763 0.028847 5.072486 -4.749377 -3.915550 -10.000009
9.180000 0.077106 0.083535 1.604377 0.301271 -0.490846 5.124455 -4.895586 0.000000 0.000000
7.920000 0.122154 -0.368037 1.507968 0.801775 0.342566 4.430632 5.000000 1.016615 0.633634
7.980000 0.103501 -0.581115 1.518214 0.823233 0.355940 4.451740 0.732272 0.489007 -0.479945
8.040000 0.061799 -0.430281 1.550103 0.845634 0.333955 4.497549 0.169123 -0.030485 0.320699
8.100000 0.031558 -0.252378 1.582323 0.844333 0.347641 4.540225 0.001925 -0.500283 1.295722
8.160000 0.013160 -0.072630 1.600003 0.824597 0.398758 4.579676 -0.001386 -0.823430 0.914255
8.220000 0.005376 0.105809 1.600003 0.793450 0.433340 4.617502 -0.000230 -0.547986 -3.395926
8.280000 0.007663 0.284493 1.600003 0.772844 0.305642 4.655105 0.000035 -9.782453 -7.270299
8.340000 0.019870 0.444585 1.600003 0.398484 0.027419 4.693374 0.000147 -0.643904 -10.000009
8.400000 0.039406 0.478130 1.600003 0.373084 -0.367061 4.732822 -0.001611 -2.959525 6.185300
8.460000 0.059398 0.319187 1.600003 0.256058 -0.122482 4.772364 -0.022198 1.726585 9.047778
8.520000 0.077465 0.223728 1.600003 0.323759 0.232297 4.811575 -0.043502 7.912752 7.743293
8.580000 0.097382 0.333370 1.600003 0.637603 0.539419 4.851238 1.696548 5.408399 1.841808
8.640000 0.116263 0.424324 1.600003 0.815517 0.600009 4.884133 3.644154 -0.824159 -5.251842
8.700000 0.127003 0.349017 1.600004 0.797478 0.485066 4.906020 3.543743 -3.129055 -6.806169
8.760000 0.133058 0.270468 1.600004 0.733219 0.345290 4.926557 3.508258 -6.060217 -7.888786
8.820000 0.135009 0.182374 1.599075 0.612760 0.188484 4.946434 3.507987 -4.815516 -10.000009
8.880000 0.132863 0.075644 1.600004 0.516910 -0.010561 4.966338 3.504742 -9.023819 -10.000009
8.940000 0.125833 -0.070342 1.598402 0.328092 -0.219804 4.987262 3.439226 10.000009 -10.000009
9.000000 0.111616 -0.296523 1.600004 0.566920 -0.458642 5.011145 3.506679 -7.857523 1.252815
9.060000 0.084752 -0.665633 1.600003 0.334002 -0.421509 5.040788 0.242714 7.978269 1.880227
9.120000 0.020508 -1.062792 1.600003 0.771813 -0.318337 5.095663 -4.749377 -2.166040 1.680906
9.180000 -0.052777 -1.116321 1.600003 0.648426 -0.222593 5.152627 -4.895586 0.391999 -1.229870
9.240000 -0.095658 -0.992930 1.580526 0.662485 -0.266700 5.188492 -4.993999 1.305453 -1.422958
9.300000 -0.118366 -0.789522 1.567168 0.692162 -0.299049 5.211226 -4.999762 1.643797 -0.474265
9.360000 -0.130022 -0.554929 1.560021 0.718898 -0.306764 5.227490 -5.000000 1.769225 -1.019490
9.420000 -0.135009 -0.307073 1.556502 0.742479 -0.320351 5.240819 -4.998124 1.777735 -0.021691
9.480000 -0.135009 -0.055371 1.555394 0.764696 -0.320623 5.253316 -4.997955 1.727777 0.114470
9.540000 -0.130008 0.193383 1.557026 0.787779 -0.319093 5.266676 -5.000000 1.593318 0.285059
9.600000 -0.118286 0.431006 1.562893 0.813796 -0.314439 5.283005 -5.000000 1.333298 0.390605
9.660000 -0.095260 0.642848 1.577596 0.844373 -0.305481 5.305939 -5.000000 4.285232 -2.332584
9.720000 -0.051066 0.798182 1.613644 1.000009 -0.390197 5.342258 -2.625204 0.000000 0.000000
8.220000 0.005376 0.105808 1.600003 0.793450 0.433340 4.617502 -0.000230 -0.547435 -3.395336
8.280000 0.007663 0.284491 1.600003 0.772864 0.305663 4.655105 0.000035 -8.580427 -6.067273
8.340000 0.019946 0.447539 1.600003 0.444392 0.073399 4.693387 0.000147 -2.638489 -10.000010
8.400000 0.040252 0.503914 1.600003 0.339910 -0.322592 4.732986 -0.001611 -1.201099 3.809336
8.460000 0.061979 0.362734 1.600003 0.291973 -0.170558 4.772897 -0.022198 -0.766534 7.525800
8.520000 0.081470 0.242400 1.600003 0.261719 0.126477 4.812366 -0.043502 8.581900 10.000010
8.580000 0.101357 0.306617 1.600003 0.602062 0.523059 4.852024 1.696548 5.505229 2.370205
8.640000 0.119230 0.380841 1.600003 0.780795 0.600010 4.884490 3.644154 0.973662 -3.208602
8.700000 0.128946 0.300613 1.600003 0.801610 0.531417 4.905868 3.543743 -1.952512 -6.244924
8.760000 0.134015 0.221665 1.600003 0.762084 0.404999 4.926111 3.508258 -7.234568 -10.000010
8.820000 0.135010 0.137075 1.600003 0.618968 0.207175 4.945893 3.507987 -7.011462 -10.000010
8.880000 0.131875 0.036212 1.600003 0.478678 0.007090 4.965902 3.504742 -3.938631 -10.000010
8.940000 0.123737 -0.102521 1.600003 0.394870 -0.205677 4.987179 3.439226 2.877500 -10.000010
9.000000 0.108125 -0.323165 1.600003 0.465410 -0.450790 5.011690 3.506679 -4.403999 4.241778
9.060000 0.079122 -0.691768 1.600004 0.329151 -0.319575 5.042626 0.242714 6.368372 -0.327287
9.120000 0.013096 -1.056363 1.600004 0.683227 -0.337772 5.098226 -4.749377 0.468373 1.331026
9.180000 -0.058164 -1.085077 1.600004 0.709173 -0.264040 5.153617 -4.895586 0.185212 1.276798
9.240000 -0.098916 -0.954761 1.599943 0.715498 -0.220441 5.187773 -4.993999 1.079891 -4.314070
9.300000 -0.120103 -0.745974 1.598125 0.738622 -0.312819 5.209187 -4.999762 1.141683 -0.403334
9.360000 -0.130769 -0.509069 1.595393 0.756257 -0.319049 5.224634 -5.000000 1.155089 -1.524976
9.420000 -0.135010 -0.260792 1.594137 0.771101 -0.338647 5.237485 -4.998124 1.091978 -0.246967
9.480000 -0.134275 -0.010068 1.593818 0.784505 -0.341678 5.249760 -4.997955 0.991437 -0.767552
9.540000 -0.128312 0.236057 1.594678 0.797804 -0.351974 5.263173 -5.000000 0.810832 -0.500390
9.600000 -0.115008 0.468095 1.597094 0.811453 -0.360401 5.280007 -5.000000 0.405744 -2.863653
9.660000 -0.088994 0.667426 1.598792 0.821353 -0.430250 5.304406 -5.000000 -0.107973 0.716517
9.720000 -0.039433 0.794736 1.600003 0.817049 -0.401753 5.344251 -2.625204 -0.430759 0.002649
9.780000 0.034242 0.682410 1.600003 0.791540 -0.401649 5.403471 0.348056 -6.230429 7.014722
9.840000 0.086009 0.449358 1.600003 0.485962 -0.057618 5.452516 -0.173641 -4.237659 10.000010
9.900000 0.125321 0.423786 1.600004 0.293811 0.395725 5.497850 4.905879 9.700781 -9.228106
9.960000 0.135010 0.184901 1.600003 0.437264 0.259259 5.512639 4.904698 -8.263372 8.394130
10.020000 0.137761 -0.049785 1.601518 0.334209 0.363946 5.525111 4.998562 0.000000 0.000000
8.700000 0.128945 0.300609 1.599996 0.801611 0.531417 4.905868 3.543743 -3.999680 -8.173477
8.760000 0.134011 0.221527 1.600000 0.720644 0.365959 4.926111 3.508258 -0.985160 -3.481113
8.820000 0.135000 0.136760 1.599176 0.701151 0.297079 4.945898 3.507987 -5.158889 -9.971842
8.880000 0.132021 0.042262 1.600000 0.597960 0.097617 4.965901 3.504742 -10.000000 -10.000000
8.940000 0.124463 -0.076049 1.600000 0.386648 -0.113696 4.987032 3.439226 2.605694 -10.000000
9.000000 0.110354 -0.254651 1.600000 0.449162 -0.353608 5.011023 3.506679 3.818304 -8.441496
9.060000 0.085051 -0.577955 1.600000 0.560611 -0.600000 5.040211 0.242714 4.128497 2.557964
9.120000 0.026551 -0.985715 1.600000 0.775778 -0.466685 5.092329 -4.749377 -4.948704 2.879603
9.180000 -0.042511 -1.112156 1.543904 0.495320 -0.303489 5.149002 -4.895586 -2.009743 -0.082049
9.240000 -0.086175 -1.059126 1.452260 0.415477 -0.306750 5.188730 -4.993999 0.472440 0.932300
9.300000 -0.111347 -0.904771 1.381396 0.428568 -0.280918 5.216437 -4.999762 2.210498 -0.130563
9.360000 -0.125430 -0.701706 1.335210 0.474326 -0.283622 5.237138 -5.000000 3.224237 -0.332349
9.420000 -0.132642 -0.474231 1.305095 0.529027 -0.289259 5.254103 -4.998124 3.909523 -0.545869
9.480000 -0.135000 -0.235403 1.285878 0.589227 -0.297663 5.269502 -4.997955 4.335553 -0.671975
9.540000 -0.133128 0.006792 1.275583 0.656351 -0.308073 5.284984 -5.000000 4.387001 -0.691407
9.600000 -0.126561 0.245479 1.275323 0.731937 -0.319982 5.302214 -5.000000 3.844706 0.162176
9.660000 -0.113515 0.471287 1.290905 0.813447 -0.316540 5.323414 -5.000000 2.301141 -2.973380
9.720000 -0.090108 0.666460 1.326370 0.879245 -0.401564 5.352007 -2.625204 1.771953 7.505216
9.780000 -0.046345 0.641754 1.443789 0.963983 -0.042650 5.399829 0.348056 -0.475608 10.000000
9.840000 0.003549 0.629540 1.594300 0.939538 0.471235 5.451217 -0.173641 -10.000000 2.451349
9.900000 0.062772 0.940054 1.593347 0.414259 0.600000 5.503745 4.905879 -10.000000 -2.246395
9.960000 0.099763 0.866565 1.491670 0.082588 0.525495 5.536913 4.904698 6.136833 -1.556957
10.020000 0.119934 0.721713 1.403337 0.227080 0.488838 5.560457 4.998562 10.000000 -2.275914
10.080000 0.130354 0.528992 1.350238 0.406308 0.448047 5.578380 4.999258 10.000000 -2.071049
10.140000 0.134911 0.316728 1.319367 0.561112 0.415987 5.593860 4.999994 0.858490 -1.634898
10.200000 0.135000 0.096672 1.298494 0.573869 0.391691 5.608720 5.000000 1.584144 -1.324721
10.260000 0.130714 -0.122129 1.280706 0.599080 0.370609 5.624635 5.000000 2.249926 -0.841663
10.320000 0.121020 -0.330888 1.267288 0.641761 0.354642 5.643605 5.000000 2.738843 -0.470173
10.380000 0.103512 -0.518899 1.264347 0.709879 0.342949 5.668476 5.000000 2.616112 -0.121167
10.440000 0.074061 -0.671155 1.287231 0.800800 0.338739 5.703230 5.000000 4.072098 -0.402484
10.500000 0.026812 -0.764132 1.372879 1.000000 0.319050 5.752148 2.555301 0.000000 0.000000
9.120000 0.026552 -0.985715 1.599989 0.775776 -0.466686 5.092328 -4.749377 -4.931960 2.985149
9.180000 -0.042504 -1.111850 1.544917 0.496338 -0.297552 5.148987 -4.895586 -2.028720 -0.741547
9.240000 -0.086142 -1.058343 1.452160 0.415808 -0.326987 5.188681 -4.993999 0.384350 1.327824
9.300000 -0.111300 -0.904573 1.379164 0.426468 -0.290163 5.216414 -4.999762 2.148757 -0.056198
9.360000 -0.125388 -0.702346 1.331691 0.471065 -0.291330 5.237169 -5.000000 3.176457 -0.193629
9.420000 -0.132617 -0.475692 1.300564 0.525156 -0.294627 5.254198 -4.998124 3.870464 -0.635753
9.480000 -0.135000 -0.237636 1.280441 0.585006 -0.304458 5.269661 -4.997955 4.315610 -0.323264
9.540000 -0.133170 0.003809 1.269434 0.652094 -0.309483 5.285206 -5.000000 4.380937 -1.110660
9.600000 -0.126679 0.241798 1.268388 0.727808 -0.328678 5.302489 -5.000000 3.846787 0.435430
9.660000 -0.113789 0.466848 1.283054 0.809462 -0.319436 5.323716 -5.000000 2.286835 -3.576402
9.720000 -0.090733 0.661251 1.316483 0.874724 -0.421500 5.352254 -2.625204 1.703488 7.850990
9.780000 -0.047777 0.632986 1.430573 0.956086 -0.046522 5.400016 0.348056 -1.313887 10.000000
9.840000 0.001101 0.616826 1.575244 0.888411 0.468551 5.451523 -0.173641 -10.000000 2.490406
9.900000 0.059095 0.927389 1.563416 0.360588 0.600000 5.504305 4.905879 -10.000000 -2.331256
9.960000 0.096768 0.863826 1.448319 0.013211 0.519018 5.539043 4.904698 6.226972 -0.870724
10.020000 0.117758 0.728126 1.346923 0.169946 0.497101 5.564213 4.998562 10.000000 -1.469444
10.080000 0.128914 0.542379 1.285048 0.363598 0.468645 5.583578 4.999258 10.000000 -1.182900
10.140000 0.134158 0.335079 1.249069 0.530487 0.448904 5.600267 4.999994 4.104011 -1.243873
10.200000 0.135000 0.118283 1.227325 0.595410 0.429223 5.616088 5.000000 2.195217 -0.578115
10.260000 0.131723 -0.098934 1.212434 0.631752 0.419656 5.632643 5.000000 2.594038 -0.611231
10.320000 0.123617 -0.307806 1.204257 0.681310 0.407977 5.651748 5.000000 2.636822 -0.367721
10.380000 0.108832 -0.497335 1.208384 0.744805 0.399122 5.675828 5.000000 2.074386 -0.631502
10.440000 0.084024 -0.650956 1.236366 0.812022 0.378660 5.708231 5.000000 1.137993 -1.300856
10.500000 0.044053 -0.746293 1.305631 0.862970 0.320420 5.753001 2.555301 0.770215 -1.448132
10.560000 -0.011075 -0.641500 1.426307 0.907971 0.235812 5.811427 -0.130444 0.806080 0.042440
10.620000 -0.053788 -0.437083 1.537587 0.947976 0.237919 5.861056 -0.033724 -0.566326 5.877734
10.680000 -0.082001 -0.260915 1.598558 0.924130 0.485411 5.903163 -0.001696 -10.000000 -4.306783
10.740000 -0.098951 -0.072047 1.600000 0.534935 0.317800 5.942083 0.000378 -2.048594 -10.000000
10.800000 -0.106500 0.090718 1.600000 0.457271 -0.061243 5.979987 0.000048 -6.174352 -3.178380
10.860000 -0.108246 0.117230 1.600043 0.225901 -0.180360 6.017452 0.000010 4.533092 10.000000
10.920000 -0.107197 0.061221 1.600225 0.396047 0.195026 6.054991 0.000010 0.000000 0.000000
9.900000 0.059095 0.927369 1.563416 0.360603 0.599988 5.504303 4.905879 -9.000343 -3.449718
9.960000 0.096772 0.863616 1.454719 0.048374 0.480315 5.538994 4.904698 -5.801921 1.771453
10.020000 0.117730 0.727727 1.339279 -0.097245 0.524776 5.564093 4.998562 2.726948 -1.229908
10.080000 0.128800 0.544009 1.238321 -0.043414 0.500497 5.583833 4.999258 10.000000 -0.525861
10.140000 0.134010 0.341120 1.159204 0.133266 0.491206 5.601501 4.999994 10.000000 -0.655859
10.200000 0.135000 0.130383 1.100422 0.307085 0.479806 5.618883 5.000000 10.000000 0.259622
10.260000 0.132267 -0.080198 1.060737 0.492807 0.484627 5.637455 5.000000 10.000000 0.464156
10.320000 0.125531 -0.283203 1.045829 0.704960 0.494475 5.658670 5.000000 3.306682 0.406470
10.380000 0.113738 -0.468227 1.058195 0.789112 0.504819 5.684119 5.000000 1.574085 -0.225676
10.440000 0.094793 -0.616184 1.095538 0.839239 0.497632 5.715965 5.000000 0.197437 -1.546483
10.500000 0.065466 -0.701803 1.161570 0.847326 0.434289 5.756924 2.555301 0.180744 -2.808502
10.560000 0.023609 -0.560132 1.273315 0.857402 0.277730 5.812669 -0.130444 1.133035 -1.305838
10.620000 -0.009494 -0.323863 1.394579 0.915812 0.210411 5.864221 -0.033724 1.265233 0.139902
10.680000 -0.029088 -0.160912 1.505525 0.970922 0.216505 5.907778 -0.001696 -0.179195 5.285561
10.740000 -0.038971 -0.010047 1.582838 0.963878 0.424278 5.947088 0.000378 -10.000000 -1.506369
10.800000 -0.039764 0.166651 1.600000 0.587789 0.367626 5.984697 0.000048 -3.910395 -10.000000
10.860000 -0.031739 0.338794 1.600000 0.439502 -0.011584 6.022618 0.000010 -4.849809 -5.341224
10.920000 -0.017454 0.384724 1.600003 0.252747 -0.217263 6.061125 0.000010 1.330107 4.368347
10.980000 -0.001162 0.293624 1.600003 0.304496 -0.047311 6.100028 0.000010 -2.084582 1.929539
11.040000 0.014930 0.230029 1.600001 0.223628 0.027538 6.138819 0.000055 2.319320 -1.511369
11.100000 0.029998 0.217811 1.600004 0.313375 -0.030941 6.177517 0.000122 -2.359065 0.345916
11.160000 0.043714 0.206389 1.600003 0.222705 -0.017644 6.215953 -0.002764 3.242379 5.360250
11.220000 0.057148 0.218863 1.600003 0.347393 0.188489 6.254408 -0.029764 8.105823 9.148954
11.280000 0.074288 0.339300 1.600001 0.664021 0.545864 6.293470 -0.027549 4.362156 -0.060135
11.340000 0.100181 0.565828 1.600000 0.842845 0.543398 6.334464 2.233806 -2.325378 -3.854768
11.400000 0.123988 0.625134 1.600001 0.768942 0.420889 6.366246 5.000000 -2.820431 -8.353212
11.460000 0.132399 0.411338 1.599672 0.728351 0.300673 6.380638 5.000000 -1.924755 -2.420800
11.520000 0.135000 0.183170 1.600002 0.704310 0.270436 6.393128 5.000000 -1.248096 -0.365749
11.580000 0.132676 -0.048746 1.598433 0.688773 0.265883 6.405576 5.000000 -0.155593 -10.000000
11.640000 0.124644 -0.275959 1.600001 0.686558 0.123516 6.419813 -0.944840 7.138266 4.400211
11.700000 0.100335 -0.035946 1.628521 1.000000 0.316730 6.463723 -5.000000 0.000000 0.000000
10.620000 -0.009494 -0.323864 1.394577 0.915810 0.210411 5.864221 -0.033724 1.155852 0.589384
10.680000 -0.029037 -0.159092 1.503031 0.966174 0.236092 5.907794 -0.001696 -0.222459 3.937892
10.740000 -0.038726 -0.004372 1.580721 0.957416 0.391120 5.947162 0.000378 -8.012633 1.052255
10.800000 -0.039284 0.172619 1.600000 0.655955 0.430710 5.984785 0.000048 -4.120887 -10.000000
10.860000 -0.030694 0.355403 1.600000 0.499439 0.050900 6.022766 0.000010 -6.498109 -10.000000
10.920000 -0.015248 0.418196 1.600000 0.248339 -0.335520 6.061408 0.000010 2.325050 8.575597
10.980000 0.001559 0.299651 1.600000 0.339083 -0.000820 6.100438 0.000010 -3.666634 1.393349
11.040000 0.018470 0.239743 1.600000 0.196437 0.053387 6.139342 0.000055 3.628244 -0.056856
11.100000 0.035003 0.252588 1.600000 0.337770 0.051173 6.178296 0.000122 -3.733632 -0.838102
11.160000 0.051867 0.284830 1.600001 0.192539 0.018576 6.217193 -0.002764 3.995677 -3.361974
11.220000 0.069126 0.290633 1.600001 0.348685 -0.112805 6.256272 -0.029764 -4.074768 3.177464
11.280000 0.085459 0.252470 1.600002 0.190197 0.010785 6.295167 -0.027549 4.501689 3.488271
11.340000 0.101768 0.257171 1.600001 0.365799 0.146856 6.334175 2.233806 -6.250222 -4.902067
11.400000 0.111984 0.165570 1.600000 0.183309 0.003729 6.363372 5.000000 7.163412 -10.000000
11.460000 0.112211 -0.121566 1.596692 0.301090 -0.160690 6.379814 5.000000 5.510134 -0.605185
11.520000 0.103484 -0.434582 1.600001 0.400640 -0.171625 6.397881 5.000000 -10.000000 6.589434
11.580000 0.080068 -0.777935 1.600001 0.152339 -0.008030 6.422711 5.000000 5.274758 3.325357
11.640000 0.019626 -1.093801 1.600002 0.399351 0.147695 6.469540 -0.944840 -3.620765 -3.702076
11.700000 -0.075894 -0.962483 1.600000 0.147141 -0.110172 6.539196 -5.000000 8.479828 -0.561183
11.760000 -0.112232 -0.696161 1.598489 0.401560 -0.127012 6.569198 -5.000000 -2.823795 -10.000000
11.820000 -0.127832 -0.434708 1.600001 0.351372 -0.304722 6.586969 -5.000000 3.713222 10.000000
11.880000 -0.134391 -0.176789 1.599901 0.401507 -0.169720 6.600470 -5.000000 -10.000000 -0.950976
11.940000 -0.135000 0.082556 1.600000 0.279512 -0.181323 6.612669 -1.380859 1.736155 7.098570
12.000000 -0.129108 0.076760 1.600001 0.333169 0.038064 6.643575 -0.130287 -2.827815 1.327215
12.060000 -0.121592 0.065738 1.600001 0.228103 0.087378 6.680729 0.000614 2.205255 -0.149959
12.120000 -0.114365 0.112218 1.600000 0.311472 0.081709 6.718535 0.002995 -2.362389 -3.949209
12.180000 -0.106357 0.156554 1.600001 0.222147 -0.067616 6.756346 -0.007541 2.420990 0.601135
12.240000 -0.098309 0.143935 1.600000 0.313764 -0.044867 6.794189 -0.136658 -2.591534 2.684249
12.300000 -0.090302 0.131753 1.600000 0.217054 0.055302 6.831506 1.009290 2.605718 -3.811298
12.360000 -0.083225 0.070556 1.600000 0.324028 -0.101168 6.872561 1.286135 -0.288008 10.000000
12.420000 -0.081019 -0.002731 1.600363 0.312107 0.312750 6.913952 1.325347 0.000000 0.000000
11.700000 -0.075903 -0.962480 1.599899 0.147159 -0.110143 6.539212 -5.000000 9.577154 10.000000
11.760000 -0.111432 -0.672678 1.600000 0.431177 0.186415 6.568868 -5.000000 -1.137190 10.000000
11.820000 -0.125119 -0.349955 1.600000 0.411344 0.360816 6.586308 -5.000000 1.812901 -8.385317
11.880000 -0.128946 -0.011056 1.599281 0.436444 0.244723 6.600153 -5.000000 -10.000000 -4.570349
11.940000 -0.125441 0.336562 1.600000 0.298742 0.181789 6.613923 -1.380859 0.001996 -7.185188
12.000000 -0.104532 0.518699 1.600000 0.298810 -0.063603 6.648076 -0.130287 -0.913408 -1.069493
12.060000 -0.074245 0.528459 1.600000 0.260806 -0.108098 6.689683 0.000614 0.204872 3.020658
12.120000 -0.043021 0.471947 1.600000 0.269468 0.019624 6.731965 0.002995 -0.131030 -1.419898
12.180000 -0.012391 0.451125 1.600001 0.263952 -0.040156 6.774067 -0.007541 0.267641 3.449452
12.240000 0.017214 0.447873 1.600000 0.275144 0.104088 6.815883 -0.136658 -0.257614 -2.266808
12.300000 0.048469 0.499372 1.600000 0.264211 0.007894 6.858318 1.009290 0.812945 -4.418394
12.360000 0.076245 0.439288 1.600000 0.296063 -0.165218 6.897498 1.286135 -1.047577 8.171323
12.420000 0.096984 0.318183 1.600000 0.258629 0.126769 6.933232 1.325347 0.910420 -3.279054
12.480000 0.113085 0.255668 1.600000 0.289421 0.015870 6.967052 1.324977 -1.528112 -1.676892
12.540000 0.124670 0.191909 1.600000 0.239926 -0.038442 6.999441 1.324619 1.892415 -1.150540
12.600000 0.131685 0.101643 1.600000 0.299434 -0.074621 7.030886 1.324522 -0.928359 8.554662
12.660000 0.134429 0.010761 1.600000 0.270741 0.189774 7.061793 1.324512 7.240229 3.912373
12.720000 0.135000 -0.008113 1.600000 0.494008 0.310420 7.092630 1.324594 -5.407253 -2.925858
12.780000 0.135000 0.031061 1.600000 0.327658 0.220409 7.123394 1.324508 3.310798 -3.425139
12.840000 0.135000 0.073002 1.600000 0.429719 0.114823 7.154221 1.324514 -3.692408 -0.433811
12.900000 0.135000 0.084622 1.600000 0.316122 0.101477 7.184986 1.324586 4.124261 0.876387
12.960000 0.135000 0.073873 1.600000 0.443245 0.128490 7.215809 1.324502 -3.547133 1.226680
13.020000 0.135000 0.060242 1.600000 0.334117 0.166229 7.246574 1.324511 3.745740 0.082550
13.080000 0.135000 0.056090 1.600000 0.449574 0.168773 7.277398 1.324579 -3.927172 -0.188903
13.140000 0.135000 0.058903 1.600000 0.328752 0.162962 7.308164 1.324510 3.600541 -0.535935
13.200000 0.135000 0.063018 1.600000 0.439733 0.146442 7.338987 1.324522 -3.382524 0.450886
13.260000 0.135000 0.064266 1.600000 0.335665 0.160314 7.369753 1.324466 2.518855 -1.493597
13.320000 0.135000 0.063432 1.600000 0.413301 0.114279 7.400575 1.322026 -1.662949 2.500711
13.380000 0.134852 0.057181 1.600000 0.362108 0.191261 7.431360 1.310832 5.956128 2.629273
13.440000 0.135000 0.067122 1.600000 0.546132 0.272496 7.462256 1.383760 -9.278327 -10.000000
13.500000 0.135469 0.078829 1.605064 0.263938 -0.031647 7.492670 -0.006519 0.000000 0.000000
12.780000 0.134989 0.031037 1.599980 0.327660 0.220410 7.123398 1.324508 3.362623 -3.371322
12.840000 0.134991 0.073086 1.600000 0.431321 0.116480 7.154226 1.324514 -3.812212 -0.564504
12.900000 0.135000 0.084981 1.600000 0.314039 0.099113 7.184991 1.324586 4.223193 0.958292
12.960000 0.135000 0.073919 1.600000 0.444212 0.128651 7.215814 1.324502 -3.576074 1.258855
13.020000 0.135000 0.060116 1.600000 0.334194 0.167380 7.246579 1.324511 3.681792 -0.045041
13.080000 0.135000 0.055971 1.600000 0.447682 0.165991 7.277403 1.324579 -3.716935 0.093535
13.140000 0.134992 0.058640 1.600000 0.333328 0.168869 7.308169 1.324510 3.216051 -1.003958
13.200000 0.135000 0.063263 1.600000 0.432458 0.137923 7.338992 1.324522 -2.919244 0.952215
13.260000 0.134977 0.063639 1.600000 0.342641 0.167220 7.369760 1.324466 2.554077 -1.300530
13.320000 0.135000 0.064211 1.600000 0.421363 0.127135 7.400582 1.322026 -2.348131 1.489058
13.380000 0.134944 0.060642 1.600000 0.349082 0.172972 7.431365 1.310832 3.293289 -0.051873
13.440000 0.135000 0.063696 1.600000 0.450817 0.171369 7.462256 1.383760 -7.940570 -6.927855
13.500000 0.134770 0.052005 1.600000 0.208904 -0.039691 7.492722 -0.006519 3.852804 -1.480715
13.560000 0.134572 0.060071 1.600000 0.353742 -0.095356 7.530315 0.022244 -4.682893 1.677062
13.620000 0.135000 0.011738 1.600000 0.178928 -0.032751 7.567645 0.002562 4.549036 1.847407
13.680000 0.135000 -0.019050 1.600000 0.349731 0.036614 7.605192 0.000035 -4.514491 -0.312976
13.740000 0.134804 -0.012580 1.600000 0.180705 0.024896 7.642633 -0.000031 4.413902 -0.724947
13.800000 0.134698 0.002217 1.600000 0.346489 -0.002333 7.680193 0.000010 -4.399625 -0.337345
13.860000 0.134717 0.005669 1.600000 0.181761 -0.014964 7.717634 0.000010 4.358733 0.537121
13.920000 0.134739 0.001041 1.600000 0.345469 0.005210 7.755193 0.000010 -4.351862 -0.366543
13.980000 0.134778 -0.000707 1.600000 0.182527 -0.008514 7.792635 0.000010 4.318931 0.521890
14.040000 0.134718 -0.002530 1.600000 0.344737 0.011087 7.830193 0.000010 -4.312723 -0.497538
14.100000 0.134696 -0.000356 1.600000 0.183257 -0.007542 7.867635 0.000010 4.284179 0.610753
14.160000 0.134662 0.000173 1.600000 0.344160 0.015396 7.905193 0.000010 -4.276841 -0.783129
14.220000 0.134773 0.003685 1.600000 0.184021 -0.013927 7.942636 0.000186 4.240061 0.518234
14.280000 0.134832 0.001236 1.600000 0.343261 0.005536 7.980192 0.000962 -4.197519 -1.045302
14.340000 0.134821 -0.002472 1.600000 0.186113 -0.033599 8.017630 -0.001972 4.166673 0.777143
14.400000 0.134337 -0.015507 1.600000 0.342647 -0.004403 8.055198 -0.136085 -3.197190 4.399135
14.460000 0.134236 0.004332 1.600007 0.220766 0.163301 8.093320 0.843308 5.747839 -0.002434
14.520000 0.135000 0.021005 1.600001 0.412154 0.163220 8.126617 0.989248 -6.490494 -3.858966
14.580000 0.135529 0.041692 1.601176 0.201697 0.038089 8.159041 1.014190 0.000000 0.000000
14.220000 0.134764 0.003675 1.599998 0.184026 -0.013926 7.942637 0.000186 4.244022 0.726777
14.280000 0.134848 0.002127 1.600000 0.343415 0.013369 7.980193 0.000962 -4.216244 -1.163136
14.340000 0.134982 0.001867 1.600000 0.185565 -0.030177 8.017632 -0.001972 4.182200 0.830578
14.400000 0.134782 -0.007901 1.600000 0.342679 0.001025 8.055199 -0.136085 -3.924209 1.954028
14.460000 0.134861 0.004805 1.600000 0.193054 0.075530 8.093328 0.843308 6.779449 3.711347
14.520000 0.135000 -0.003047 1.600000 0.418638 0.199024 8.126602 0.989248 -4.979943 -1.282331
14.580000 0.134966 0.023027 1.600000 0.257026 0.157409 8.159055 1.014190 3.763557 -2.936022
14.640000 0.135000 0.049717 1.600000 0.378990 0.062262 8.191462 1.015498 -3.421545 1.574078
14.700000 0.134942 0.051055 1.600000 0.268400 0.113139 8.223783 1.015272 3.431809 -1.067295
14.760000 0.135000 0.046707 1.600000 0.379585 0.078561 8.256182 1.015253 -3.217673 1.825520
14.820000 0.134962 0.038865 1.600000 0.275575 0.137570 8.288506 1.015228 3.214392 -1.246836
14.880000 0.135000 0.040511 1.600000 0.379709 0.097177 8.320903 1.015260 -3.348334 0.798857
14.940000 0.134975 0.040999 1.600000 0.271468 0.123002 8.353230 1.015233 3.342139 -0.811538
15.000000 0.135000 0.043371 1.600000 0.379733 0.096713 8.385624 1.015225 -3.398518 0.555866
15.060000 0.134989 0.042275 1.600000 0.269864 0.114683 8.417952 1.015296 3.466202 -0.303293
15.120000 0.135000 0.042310 1.600000 0.382142 0.104858 8.450344 1.015223 -3.515681 0.213389
15.180000 0.134998 0.041736 1.600000 0.268483 0.111757 8.482673 1.015217 3.530894 -0.124584
15.240000 0.135000 0.042004 1.600000 0.382855 0.107722 8.515065 1.015302 -3.544852 0.069054
15.300000 0.135000 0.041982 1.600000 0.268253 0.109954 8.547394 1.015222 3.527370 -0.066434
15.360000 0.135000 0.042163 1.600000 0.382509 0.107802 8.579786 1.015206 -3.517007 0.063333
15.420000 0.135000 0.042003 1.600000 0.268804 0.109850 8.612116 1.015297 3.494498 -0.056838
15.480000 0.135000 0.042106 1.600000 0.381993 0.108009 8.644506 1.015230 -3.483310 0.058294
15.540000 0.135000 0.041971 1.600000 0.269377 0.109893 8.676836 1.015195 3.457288 -0.060867
15.600000 0.135000 0.042111 1.600000 0.381361 0.107922 8.709227 1.015285 -3.440967 0.067872
15.660000 0.135000 0.041983 1.600000 0.270114 0.110116 8.741557 1.015245 3.399515 -0.094081
15.720000 0.135000 0.042110 1.600000 0.380224 0.107069 8.773947 1.015210 -3.324996 0.188336
15.780000 0.135000 0.042008 1.600000 0.272724 0.113158 8.806278 1.015241 3.078673 -0.529522
15.840000 0.135000 0.042021 1.600000 0.372441 0.096007 8.838668 1.013229 -2.999208 0.603294
15.900000 0.134926 0.039515 1.600000 0.275437 0.115520 8.871011 0.999879 4.470953 1.668408
15.960000 0.135000 0.045116 1.600000 0.420607 0.169692 8.903480 1.026356 -6.430393 -8.452681
16.020000 0.135122 0.044418 1.602619 0.213284 -0.102839 8.935721 -0.043219 0.000000 0.000000
15.540000 0.134993 0.041964 1.599997 0.269377 0.109894 8.676840 1.015195 3.473392 -0.037491
15.600000 0.134994 0.042163 1.600000 0.381884 0.108679 8.709231 1.015285 -3.474336 0.018898
15.660000 0.135000 0.042187 1.600000 0.269557 0.109290 8.741561 1.015245 3.393703 -0.115040
15.720000 0.135000 0.042083 1.600000 0.379480 0.105564 8.773951 1.015210 -3.275691 0.287067
15.780000 0.134990 0.041584 1.600000 0.273573 0.114845 8.806283 1.015241 3.194082 -0.344517
15.840000 0.135000 0.042393 1.600000 0.377030 0.103686 8.838673 1.013229 -3.210167 0.244218
15.900000 0.134995 0.041982 1.600000 0.273208 0.111585 8.871014 0.999879 2.978789 -0.529047
15.960000 0.135000 0.042156 1.600000 0.369920 0.094408 8.903481 1.026356 -5.198801 -5.330587
16.020000 0.134482 0.021929 1.600000 0.202113 -0.077653 8.935759 -0.043219 3.547004 0.990014
16.080000 0.133229 0.007980 1.600000 0.336113 -0.040252 8.973538 0.014201 -3.862984 1.531222
16.140000 0.132276 -0.020241 1.600000 0.191704 0.016990 9.010920 0.001890 3.848683 -0.382263
16.200000 0.131256 -0.025177 1.600000 0.336214 0.002636 9.048468 0.000042 -3.856139 0.206187
16.260000 0.130076 -0.022249 1.600000 0.191780 0.010359 9.085924 -0.000026 3.824817 -0.463119
16.320000 0.128926 -0.017784 1.600000 0.335434 -0.007035 9.123482 0.000010 -3.817085 0.295052
16.380000 0.127778 -0.017885 1.600000 0.192461 0.004017 9.160938 0.000010 3.788489 -0.283070
16.440000 0.126678 -0.017900 1.600000 0.334746 -0.006615 9.198495 0.000010 -3.781222 0.269651
16.500000 0.125534 -0.019677 1.600000 0.193115 0.003485 9.235952 0.000010 3.753190 -0.015129
16.560000 0.124404 -0.019040 1.600000 0.334074 0.002917 9.273509 0.000010 -3.744783 -0.272505
16.620000 0.123288 -0.018335 1.600000 0.193807 -0.007290 9.310965 0.000010 3.718844 0.456894
16.680000 0.122132 -0.019445 1.600000 0.333475 0.009870 9.348522 0.000010 -3.710325 -0.537542
16.740000 0.121037 -0.017897 1.600000 0.194498 -0.010265 9.385979 0.000010 3.683144 0.538455
16.800000 0.119887 -0.019321 1.600000 0.332823 0.009957 9.423535 0.000010 -3.674052 -0.597501
16.860000 0.118786 -0.018304 1.600000 0.195203 -0.012423 9.460993 0.000010 3.649449 0.726859
16.920000 0.117610 -0.020070 1.600000 0.332263 0.014875 9.498549 0.000010 -3.640466 -0.802848
16.980000 0.116516 -0.017810 1.600000 0.195899 -0.015198 9.536006 0.000010 3.617266 0.897219
17.040000 0.115351 -0.019462 1.600000 0.331747 0.018497 9.573562 0.000059 -3.608635 -0.979018
17.100000 0.114309 -0.016456 1.600000 0.196578 -0.018174 9.611019 0.000433 3.577267 0.614101
17.160000 0.113140 -0.020345 1.600000 0.330917 0.004888 9.648573 0.000337 -3.574281 0.067446
17.220000 0.111979 -0.020167 1.600000 0.197031 0.007414 9.686031 -0.044608 3.528038 -0.210664
17.280000 0.110965 -0.014323 1.600000 0.330179 -0.000536 9.723771 -0.270089 -3.397017 -0.834852
17.340000 0.110452 -0.000862 1.600005 0.199150 -0.032738 9.762342 3.044272 0.000000 0.000000
15.840000 0.135000 0.042390 1.599998 0.377030 0.103686 8.838673 1.013229 -3.157643 0.323360
15.900000 0.135000 0.042172 1.600000 0.274906 0.114144 8.871014 0.999879 2.142893 -2.005396
15.960000 0.134936 0.039464 1.600000 0.344478 0.049036 8.903481 1.026356 -4.017259 -3.191806
16.020000 0.133999 0.007952 1.600000 0.214731 -0.054051 8.935778 -0.043219 2.809896 -0.027352
16.080000 0.132185 -0.006548 1.600000 0.320871 -0.055084 8.973552 0.014201 -3.035228 1.842649
16.140000 0.130380 -0.038277 1.600000 0.207332 0.013844 9.010959 0.001890 3.025880 -0.033367
16.200000 0.128343 -0.044856 1.600000 0.320963 0.012591 9.048512 0.000042 -3.033299 0.130114
16.260000 0.126192 -0.037870 1.600000 0.207265 0.017468 9.085996 -0.000026 3.007658 -0.873758
16.320000 0.124174 -0.029831 1.600000 0.320238 -0.015352 9.123557 0.000010 -3.000976 0.406110
16.380000 0.122141 -0.032099 1.600000 0.207757 -0.000130 9.161039 0.000010 2.974181 -0.033696
16.440000 0.120120 -0.034387 1.600000 0.319471 -0.001396 9.198600 0.000010 -2.965731 0.176676
16.500000 0.118073 -0.034948 1.600000 0.208309 0.005226 9.236082 0.000010 2.945604 -0.107060
16.560000 0.116062 -0.033074 1.600000 0.318948 0.001205 9.273643 0.000010 -2.933504 -0.359838
16.620000 0.114054 -0.033128 1.600000 0.208995 -0.012282 9.311124 0.000010 2.913873 0.658560
16.680000 0.111952 -0.036130 1.600000 0.318446 0.012454 9.348687 0.000010 -2.906557 -0.600486
16.740000 0.109899 -0.034457 1.600000 0.209500 -0.010054 9.386170 0.000010 2.892889 0.758006
16.800000 0.107809 -0.034521 1.600000 0.318161 0.018418 9.423731 0.000010 -2.885522 -0.916597
16.860000 0.105872 -0.030452 1.600000 0.210008 -0.015937 9.461212 0.000010 2.874334 1.037680
16.920000 0.103924 -0.031211 1.600000 0.317963 0.023037 9.498770 0.000010 -2.862395 -1.309943
16.980000 0.102167 -0.027409 1.600001 0.210687 -0.026057 9.536248 0.000010 2.984707 -0.684674
17.040000 0.100051 -0.040176 1.600000 0.322799 -0.051775 9.573810 0.000059 -2.683130 -0.417204
17.100000 0.096879 -0.071849 1.600003 0.222143 -0.067428 9.611325 0.000433 4.903169 10.000000
17.160000 0.093101 -0.073783 1.600000 0.406408 0.308384 9.648906 0.000337 3.603849 2.303974
17.220000 0.092975 0.054756 1.600002 0.541624 0.394828 9.686425 -0.044608 8.252676 5.248710
17.280000 0.099941 0.263806 1.600005 0.854745 0.593975 9.724367 -0.270089 -2.481210 -5.803758
17.340000 0.117784 0.522390 1.600004 0.754926 0.360476 9.764600 3.044272 -2.099624 -3.995079
17.400000 0.131001 0.482095 1.600003 0.703084 0.261843 9.789289 4.879337 -0.887651 -3.141098
17.460000 0.135000 0.260745 1.600002 0.691232 0.219902 9.802640 5.000000 -0.140495 1.349977
17.520000 0.133940 0.022046 1.599162 0.689510 0.236456 9.814901 5.000000 0.675689 -5.823180
17.580000 0.127551 -0.214877 1.600000 0.698659 0.157637 9.828437 5.000000 1.807811 3.838755
17.640000 0.113504 -0.442924 1.603027 0.729937 0.223519 9.845619 4.995434 0.000000 0.000000
16.140000 0.130380 -0.038275 1.599998 0.207331 0.013844 9.010959 0.001890 7.654135 -9.823162
16.200000 0.127266 -0.083280 1.600000 0.494825 -0.355120 9.048520 0.000042 -6.640555 8.038489
16.260000 0.119423 -0.209091 1.600000 0.243716 -0.051149 9.086334 -0.000026 3.120807 8.155707
16.320000 0.108403 -0.254652 1.600000 0.362762 0.259958 9.124480 0.000010 -3.856848 -5.933738
16.380000 0.098070 -0.166541 1.600000 0.216072 0.034276 9.162514 0.000010 2.798402 -3.470976
16.440000 0.088677 -0.118729 1.600001 0.322382 -0.097584 9.200503 0.000010 -2.846696 1.923474
16.500000 0.079324 -0.144652 1.600000 0.214438 -0.024648 9.238422 0.000010 2.592477 1.149723
16.560000 0.069788 -0.168329 1.600001 0.312968 0.019049 9.276428 0.000010 -2.552088 -0.894287
16.620000 0.060005 -0.170872 1.600000 0.216092 -0.014898 9.314388 0.000010 2.587467 1.836812
16.680000 0.049965 -0.168026 1.600000 0.314559 0.055003 9.352444 0.000010 -2.560797 -1.193793
16.740000 0.040528 -0.146483 1.600000 0.217434 0.009725 9.390371 0.000010 2.484114 -1.317636
16.800000 0.031540 -0.138098 1.600000 0.311712 -0.040282 9.428323 0.000010 -1.829036 -2.101852
16.860000 0.022042 -0.164898 1.600000 0.242332 -0.120012 9.466256 0.000010 1.588687 5.955707
16.920000 0.011050 -0.206688 1.600000 0.302937 0.107185 9.504404 0.000010 -1.700441 -2.110150
16.980000 0.000300 -0.182565 1.600001 0.238181 0.026827 9.542485 0.000010 7.344247 10.000000
17.040000 -0.008820 -0.114874 1.600000 0.516743 0.406120 9.580415 0.000059 -2.250989 -4.835167
17.100000 -0.012294 0.043598 1.600000 0.432111 0.224328 9.618012 0.000433 10.000000 7.927521
17.160000 -0.008577 0.223573 1.600000 0.808066 0.522367 9.655608 0.000337 -0.065153 -2.274239
17.220000 0.004494 0.429054 1.600000 0.805562 0.434980 9.694033 -0.044608 -1.698604 -3.273616
17.280000 0.029026 0.649298 1.600000 0.736610 0.302093 9.734626 -0.270089 -0.334050 0.334573
17.340000 0.069801 0.889549 1.591888 0.721272 0.317456 9.780544 3.044272 0.400981 1.147628
17.400000 0.106440 0.868252 1.578723 0.735713 0.358788 9.816558 4.879337 0.630651 -0.045407
17.460000 0.123970 0.661884 1.571908 0.748290 0.357882 9.836502 5.000000 0.712871 0.322677
17.520000 0.132352 0.424588 1.568371 0.758742 0.362613 9.851163 5.000000 0.736234 -0.401154
17.580000 0.135000 0.178814 1.566508 0.768136 0.357495 9.863923 5.000000 0.738681 -0.135225
17.640000 0.132785 -0.067431 1.565988 0.777513 0.355777 9.876617 4.995434 0.717123 -0.519887
17.700000 0.124963 -0.306018 1.567044 0.787887 0.348258 9.891083 5.000000 0.672136 -0.423313
17.760000 0.108751 -0.526379 1.571081 0.800560 0.340276 9.909938 5.000000 0.497536 0.680022
17.820000 0.077591 -0.706846 1.579513 0.814583 0.359443 9.938123 1.424697 0.196223 -0.530428
17.880000 0.021534 -0.576818 1.600000 0.824361 0.333011 9.987954 0.000010 3.825770 4.525010
17.940000 -0.021391 -0.371890 1.617777 1.000000 0.540752 10.033863 0.000010 0.000000 0.000000
17.760000 0.108782 -0.526424 1.571059 0.800548 0.340289 9.909923 5.000000 0.512016 0.468595
17.820000 0.077626 -0.706991 1.579939 0.814975 0.353492 9.938100 1.424697 0.112322 0.372233
17.880000 0.021574 -0.576196 1.595851 0.820575 0.372049 9.987954 0.000010 -0.369024 1.125080
17.940000 -0.021228 -0.368058 1.600000 0.803541 0.423983 10.034113 0.000010 -0.439228 -1.835947
18.000000 -0.048494 -0.177057 1.600000 0.785415 0.348223 10.075381 0.000010 -1.566369 -0.659587
18.060000 -0.063769 -0.000770 1.600000 0.724754 0.322679 10.114108 0.000010 -9.128124 -10.000000
18.120000 -0.069064 0.146892 1.600000 0.380766 -0.054162 10.151792 0.000010 -1.514010 -4.896008
18.180000 -0.068250 0.164153 1.600004 0.323966 -0.237836 10.189307 0.000010 -2.372103 4.386609
18.240000 -0.065986 0.055252 1.600000 0.234968 -0.073258 10.226825 0.000010 1.670136 3.550861
18.300000 -0.064523 -0.019781 1.600004 0.297646 0.060003 10.264354 0.000010 -1.503155 -0.079111
18.360000 -0.063794 -0.015419 1.600001 0.241299 0.057037 10.301840 0.000010 1.222768 -1.193814
18.420000 -0.063064 0.016219 1.600001 0.287176 0.012246 10.339360 0.000010 -1.217966 -1.028699
18.480000 -0.061978 0.031425 1.600001 0.241514 -0.026319 10.376849 0.000010 1.207680 0.296966
18.540000 -0.060791 0.024081 1.600000 0.286830 -0.015176 10.414373 0.000010 -1.227252 0.498713
18.600000 -0.059708 0.014114 1.600000 0.240820 0.003521 10.451863 0.000010 1.230987 0.383123
18.660000 -0.058696 0.013678 1.600000 0.287008 0.017896 10.489385 0.000010 -1.228454 -0.339924
18.720000 -0.057547 0.021313 1.600000 0.240952 0.005152 10.526875 0.000010 1.254743 -1.111432
18.780000 -0.056335 0.022437 1.600000 0.288033 -0.036553 10.564399 0.000010 -1.243622 0.758492
18.840000 -0.055500 0.008693 1.600000 0.241412 -0.008119 10.601887 0.000010 1.450506 2.577019
18.900000 -0.054742 0.009538 1.600000 0.295830 0.088563 10.639404 0.000010 -1.508454 -3.963739
18.960000 -0.053247 0.034671 1.600000 0.239272 -0.060050 10.676897 0.000010 1.476571 0.811377
19.020000 -0.052018 0.022700 1.600000 0.294688 -0.029599 10.714428 0.000010 -1.628471 1.448623
19.080000 -0.051144 0.006357 1.600000 0.233649 0.024698 10.751910 0.000010 1.659642 0.144912
19.140000 -0.050225 0.012494 1.600000 0.295929 0.030136 10.789436 -0.000011 -1.686244 -1.590254
19.200000 -0.049066 0.024181 1.600000 0.232721 -0.029473 10.826921 0.000017 1.670838 0.887371
19.260000 -0.048010 0.019200 1.600000 0.295425 0.003829 10.864449 0.000437 -1.684028 -0.279110
19.320000 -0.046954 0.015865 1.600000 0.232300 -0.006633 10.901933 -0.001877 1.727138 1.260998
19.380000 -0.045893 0.017675 1.600000 0.297109 0.040685 10.939458 -0.013085 -1.732754 -1.813492
19.440000 -0.044426 0.030139 1.600000 0.232189 -0.027260 10.976924 0.127879 2.065447 -1.675764
19.500000 -0.043500 0.008092 1.600000 0.310135 -0.090501 11.014663 0.183694 0.050698 10.000000
19.560000 -0.043514 -0.010098 1.600449 0.312047 0.286925 11.052406 5.000000 0.000000 0.000000
