78.214000 0 0.000000 16
21.414000 1 60.247694 6
59.255000 1 54.462983 12
34.931000 1 46.518161 6
53.354000 1 41.204103 8
53.126000 1 38.210697 7
34.388000 1 37.527997 5
47.161000 1 37.771176 7
94.226000 1 37.499752 18
58.447000 1 37.590260 11
15.414000 1 37.599479 3
10.658000 1 37.762258 2
12.008000 1 37.716156 2
16.988000 1 37.694057 3
12.253000 1 37.664441 2
11.467000 1 37.829171 2
29.673000 1 37.780878 5
12.405000 1 37.580836 2
51.758000 1 37.776533 9
11.413000 1 37.811633 2
27.444000 1 37.990540 5
11.326000 1 37.520445 2
30.771000 1 37.596781 5
29.488000 1 37.431142 5
30.713000 1 37.566102 5
19.510000 1 37.643888 3
44.289000 1 38.506720 7
31.348000 1 40.170801 5
45.274000 1 45.217448 7
52.630000 1 48.239078 8
18.204000 1 32.305573 3
18.205000 1 25.208874 3
11.921000 1 21.504084 2
18.866000 1 19.702485 3
19.355000 1 19.230966 3
37.341000 1 19.973567 6
24.801000 1 22.011924 4
30.731000 1 25.993091 5
18.525000 1 33.145147 3
25.135000 1 42.473652 4
56.942000 1 58.586606 9
19.635000 1 47.910901 3
18.019000 1 41.491058 3
12.114000 1 38.242757 2
12.821000 1 37.505801 2
18.549000 1 37.641519 3
26.476000 1 37.570014 4
19.241000 1 37.636995 3
19.575000 1 38.544025 3
18.667000 1 43.113725 3
14.192000 1 33.601390 2
39.106000 1 28.414586 6
32.790000 1 25.131172 5
19.934000 1 23.177265 3
19.923000 1 21.955401 3
19.746000 1 21.517493 3
12.883000 1 21.849417 2
20.919000 1 23.148868 3
21.940000 1 26.178001 3
22.569000 1 33.300312 3
23.218000 1 47.128097 3
23.081000 1 41.247947 3
29.895000 1 39.750802 4
44.660000 1 35.192404 6
15.961000 1 33.165387 2
16.293000 1 32.620084 2
16.379000 1 31.765180 2
22.222000 1 30.786390 3
23.784000 1 29.632574 3
24.442000 1 29.088789 3
22.981000 1 28.848064 3
23.660000 1 28.868014 3
21.721000 1 28.824561 3
23.476000 1 28.871418 3
23.843000 1 28.820358 3
22.353000 1 28.866787 3
22.319000 1 28.774943 3
23.427000 1 28.921692 3
23.794000 1 32.114246 3
24.726000 1 38.167315 3
27.148000 1 37.505637 3
29.069000 1 37.563980 3
29.058000 1 37.435852 3
19.557000 1 37.549120 2
18.613000 1 37.184300 2
27.746000 1 37.400670 3
90.404000 1 35.155685 10
16.931000 1 25.544457 2
38.031000 1 28.995459 4
25.223000 1 30.462233 3
25.649000 1 30.429664 3
23.093000 1 30.368213 3
38.358000 1 30.287209 5
23.671000 1 30.216288 3
23.822000 1 30.133777 3
15.550000 1 30.057074 2
46.783000 1 29.968291 7
56.796000 1 29.886404 10
18.006000 1 29.792030 3
42.123000 1 29.703366 7
25.652000 1 29.603279 4
61.972000 1 29.507114 8
48.656000 1 29.399411 6
45.842000 1 29.296017 6
38.071000 1 29.178491 5
22.196000 1 29.066884 3
31.235000 1 28.939888 4
20.886000 1 28.812753 3
13.585000 1 28.648072 2
50.414000 1 27.822294 8
12.772000 1 24.253922 2
20.242000 1 23.766616 3
20.728000 1 36.365948 3
61.025000 1 37.597810 9
28.731000 1 37.772230 4
78.437000 1 37.666140 12
53.125000 1 37.744160 8
13.284000 1 37.554532 2
29.367000 1 37.539227 4
23.076000 1 37.467179 3
35.091000 1 37.546898 4
33.960000 1 37.633581 4
39.558000 1 38.221081 5
38.707000 1 39.595186 5
47.480000 1 42.719198 7
36.658000 1 49.525607 7
36.449000 1 44.350439 7
21.434000 1 26.777989 4
26.000000 1 17.993425 5
29.785000 1 14.102870 5
41.774000 1 12.661479 6
101.313000 1 13.009042 14
46.940000 1 15.211707 7
33.338000 1 20.443070 5
19.332000 1 44.979824 3
20.125000 1 42.308070 3
52.789000 1 39.368119 8
48.026000 1 37.860179 7
25.650000 1 37.573954 4
42.331000 1 38.308247 6
22.764000 1 39.507547 3
34.567000 1 39.752055 4
53.721000 1 39.261593 6
48.603000 1 39.726285 6
42.998000 1 32.690973 6
60.610000 1 21.711603 9
40.471000 1 20.429357 7
10.804000 1 19.847480 2
11.399000 1 19.932619 2
15.551000 1 20.929288 3
15.245000 1 23.647914 3
15.395000 1 28.665636 3
14.038000 1 51.753830 3
9.624000 1 57.357361 2
15.917000 1 40.693482 3
45.777000 1 28.559844 9
9.195000 1 21.308037 2
10.448000 1 17.350449 2
14.352000 1 15.600514 3
31.088000 1 15.513979 6
30.179000 1 17.062445 6
43.513000 1 20.766491 9
24.855000 1 27.785362 5
32.784000 1 47.100497 6
23.441000 1 51.189556 4
30.895000 1 52.458046 5
31.106000 1 37.541529 5
43.843000 1 29.166118 8
39.969000 1 23.845075 8
36.109000 1 21.095248 7
35.780000 1 19.719865 7
16.082000 1 19.443721 3
10.662000 1 20.287819 2
10.742000 1 22.710034 2
43.431000 1 27.334392 8
33.339000 1 34.914404 6
20.357000 1 52.748948 4
24.983000 1 52.276683 5
24.132000 1 43.928895 5
33.236000 1 39.486583 7
28.659000 1 37.623012 6
25.274000 1 37.991412 5
19.236000 1 38.607638 4
24.401000 1 38.978895 5
13.574000 1 38.777043 3
13.861000 1 39.087604 3
17.867000 1 38.837483 4
18.423000 1 38.906472 4
13.396000 1 38.959570 3
13.200000 1 38.913235 3
14.674000 1 27.369484 3
15.764000 1 12.246820 3
14.991000 1 12.942781 3
14.883000 1 16.395499 3
16.173000 1 26.968063 3
17.279000 1 66.480475 3
17.204000 1 44.063951 3
11.319000 1 29.034573 2
31.257000 1 24.159959 5
25.689000 1 24.059794 4
18.461000 1 36.694236 3
18.904000 1 40.175142 3
18.663000 1 40.732046 3
6.134000 1 40.595914 1
6.860000 1 40.584392 1
6.426000 1 41.083482 1
20.393000 1 36.723462 3
6.166000 1 33.890637 1
7.500000 1 32.564825 1
6.432000 1 31.426886 1
19.090000 1 30.913801 3
6.000000 1 30.805322 1
11.882000 1 30.789143 2
5.880000 1 30.806148 1
5.786000 1 30.783962 1
11.169000 1 30.804299 2
15.870000 1 30.783661 3
10.713000 1 30.805000 2
10.233000 1 30.784716 2
15.693000 1 30.804570 3
14.990000 1 30.784612 3
15.312000 1 30.804533 3
15.584000 1 30.784976 3
16.088000 1 30.816870 3
15.614000 1 30.854900 3
14.709000 1 30.501909 3
16.952000 1 37.510652 3
16.200000 1 37.394232 3
18.890000 1 37.504176 3
18.112000 1 37.486740 3
20.665000 1 37.513227 3
20.785000 1 37.487120 3
22.415000 1 37.512681 3
22.633000 1 37.487388 3
24.871000 1 37.512468 3
25.675000 1 37.486995 3
25.919000 1 37.512516 3
25.024000 1 37.488187 3
22.973000 1 37.510452 3
27.772000 1 37.483011 3
33.170000 1 37.523039 4
34.844000 1 38.175420 4
24.862000 1 33.229854 3
24.918000 1 32.493944 3
22.358000 1 32.369112 3
7.725000 1 32.356007 1
16.199000 1 32.362554 2
8.539000 1 32.357438 1
22.368000 1 32.363195 3
8.202000 1 32.357660 1
14.581000 1 32.363073 2
7.044000 1 32.357734 1
19.542000 1 32.362688 3
6.358000 1 32.357802 1
12.496000 1 32.363090 2
6.003000 1 32.357433 1
10.791000 1 32.363029 2
5.683000 1 32.357938 1
14.638000 1 32.362623 3
13.308000 1 32.357848 3
20.012000 1 32.363115 4
19.418000 1 32.357591 4
28.982000 1 32.362832 6
21.682000 1 32.358014 4
42.313000 1 32.362822 7
52.075000 1 32.368193 8
42.657000 1 32.439799 6
36.555000 1 32.340536 5
33.592000 1 37.791579 5
50.645000 1 37.620368 8
20.314000 1 37.815481 3
13.115000 1 37.878293 2
13.228000 1 37.984745 2
12.930000 1 37.916337 2
34.918000 1 38.007213 5
14.357000 1 37.927283 2
20.229000 1 37.982489 3
63.497000 1 37.937894 9
19.021000 1 38.022554 3
18.912000 1 37.962653 3
39.723000 1 37.924310 6
30.850000 1 37.901429 5
20.476000 1 38.116510 3
12.853000 1 38.114333 2
12.573000 1 37.912177 2
15.081000 1 37.591463 3
13.775000 1 37.617579 3
12.999000 1 38.538729 3
11.591000 1 40.816455 3
12.189000 1 46.354830 3
8.034000 1 37.121612 2
7.577000 1 20.659528 2
3.826000 1 14.967647 1
12.137000 1 12.830008 3
3.809000 1 12.583818 1
7.745000 1 14.138206 2
7.754000 1 18.173988 2
27.590000 1 26.856671 7
17.171000 1 48.862299 4
28.532000 1 45.904209 6
15.639000 1 41.069367 3
