0.000000 0.000000 0.000000 1.000000 0.000000 0.000000 0.000000
0.060000 0.000400 0.011975 1.025813 0.602477 0.054693 0.060248
0.120000 0.002344 0.042838 1.197140 1.000000 0.017329 0.114711
0.180000 0.005179 0.055124 1.383438 1.000000 -0.010863 0.161229
0.240000 0.007817 0.039058 1.525803 0.886944 -0.107411 0.202433
0.300000 0.009790 0.025622 1.600000 0.504837 0.274695 0.240644
0.360000 0.014426 0.112740 1.600000 0.129557 0.053779 0.278172
0.420000 0.020527 0.139512 1.600000 0.505357 -0.323932 0.315943
0.480000 0.023785 0.014379 1.600000 0.306020 -0.279978 0.353443
0.540000 0.021999 -0.140455 1.600000 0.381005 -0.017531 0.391033
0.600000 0.016509 -0.186012 1.600000 0.223396 0.198551 0.428632
0.660000 0.010028 -0.129776 1.600000 0.337101 -0.099666 0.466395
0.720000 0.002804 -0.108278 1.600000 0.237139 0.188328 0.504111
0.780000 -0.002504 -0.058813 1.600000 0.330827 -0.132303 0.541805
0.840000 -0.008518 -0.101312 1.600000 0.282186 -0.187714 0.579469
0.900000 -0.016529 -0.169763 1.600000 0.288891 0.187306 0.617298
0.960000 -0.023510 -0.115005 1.600000 0.339776 0.176620 0.655079
1.020000 -0.028547 -0.043904 1.600000 0.231969 -0.199189 0.692660
1.080000 -0.034784 -0.106397 1.600000 0.429514 -0.218738 0.730437
1.140000 -0.043653 -0.199416 1.600000 0.144147 0.159379 0.768248
1.200000 -0.052094 -0.152383 1.600000 0.524053 0.268576 0.806239
1.260000 -0.056995 -0.013179 1.600000 0.199165 0.192012 0.843759
1.320000 -0.057533 0.091391 1.600000 0.416530 -0.183956 0.881356
1.380000 -0.056831 0.053170 1.600000 0.156805 -0.080315 0.918787
1.440000 -0.055380 0.024405 1.600000 0.476960 0.294639 0.956353
1.500000 -0.049968 0.143238 1.597405 0.636164 0.584415 0.993997
1.560000 -0.037107 0.360822 1.600000 0.896980 0.520101 1.032504
1.620000 -0.013795 0.611331 1.600000 0.734568 0.439393 1.072675
1.680000 0.024710 0.892272 1.555796 0.624709 0.401598 1.117892
1.740000 0.073367 1.018127 1.438432 0.242889 0.416479 1.166131
1.800000 0.102906 0.868026 1.305938 -0.026236 0.427383 1.198437
1.860000 0.119917 0.675385 1.183815 -0.077983 0.458561 1.223646
1.920000 0.129448 0.461711 1.092279 0.137058 0.492091 1.245150
1.980000 0.134104 0.238789 1.035527 0.334083 0.524692 1.264852
2.040000 0.135000 0.015394 1.006493 0.526393 0.551715 1.284083
2.100000 0.132337 -0.199604 1.003669 0.726128 0.568705 1.304057
2.160000 0.125538 -0.396342 1.025040 0.856213 0.581210 1.326069
2.220000 0.113096 -0.559893 1.062736 0.855720 0.565312 1.352062
2.280000 0.092278 -0.665260 1.113300 0.835101 0.508116 1.385207
2.340000 0.060259 -0.715384 1.185783 0.818869 0.365870 1.427681
2.400000 0.017273 -0.450983 1.318821 0.887228 0.170072 1.486267
2.460000 -0.010777 -0.289287 1.450421 0.983751 0.207715 1.534178
2.520000 -0.028072 -0.142911 1.556209 1.000000 0.320009 1.575669
2.580000 -0.036247 0.021821 1.600000 0.651125 0.364209 1.613912
2.640000 -0.036089 0.185068 1.600000 0.306192 -0.010849 1.651418
2.700000 -0.031052 0.208163 1.600000 0.417802 -0.387264 1.689059
2.760000 -0.027707 0.025234 1.600000 0.696981 -0.600000 1.726629
2.820000 -0.031522 -0.238406 1.600000 0.806624 -0.495033 1.764266
2.880000 -0.045003 -0.498754 1.574101 0.622715 -0.425502 1.802810
2.940000 -0.071605 -0.776769 1.493567 0.507846 -0.406933 1.845924
3.000000 -0.095362 -0.753722 1.412690 0.488539 -0.402457 1.879525
3.060000 -0.112375 -0.655037 1.343633 0.475893 -0.410713 1.907940
3.120000 -0.123892 -0.521693 1.293366 0.580418 -0.424645 1.933071
3.180000 -0.131155 -0.372313 1.264159 0.654533 -0.441732 1.956248
3.240000 -0.134777 -0.214562 1.251451 0.726765 -0.457456 1.978204
3.300000 -0.135000 -0.056011 1.252343 0.785701 -0.467595 1.999721
3.360000 -0.131716 0.097139 1.263956 0.824929 -0.468101 2.021571
3.420000 -0.124464 0.237823 1.284228 0.843997 -0.454872 2.044720
3.480000 -0.112262 0.349859 1.313185 0.846218 -0.421148 2.070898
3.540000 -0.093445 0.373388 1.356184 0.838573 -0.354708 2.104198
3.600000 -0.071976 0.120347 1.427478 0.846276 -0.260163 2.151326
3.660000 -0.063921 -0.055177 1.496008 0.879473 -0.253234 2.192574
3.720000 -0.066105 -0.227480 1.563268 0.908891 -0.262957 2.232325
3.780000 -0.074871 -0.305087 1.600000 0.896312 -0.483978 2.267517
3.840000 -0.086212 -0.360621 1.600000 0.686528 -0.418487 2.300683
3.900000 -0.099146 -0.412295 1.600000 0.550227 -0.092302 2.333303
3.960000 -0.112348 -0.410044 1.600000 0.321724 0.011258 2.365068
4.020000 -0.123833 -0.319192 1.600000 0.369103 0.275703 2.395854
4.080000 -0.130922 -0.141351 1.600000 0.202972 -0.020622 2.425487
4.140000 -0.134140 -0.013273 1.600000 0.493860 -0.311510 2.454576
4.200000 -0.135000 0.011534 1.600000 0.671248 -0.599991 2.483424
4.260000 -0.134997 -0.035450 1.600000 0.691621 -0.447424 2.512292
4.320000 -0.135000 -0.102366 1.600000 0.424286 -0.198527 2.541116
4.380000 -0.135000 -0.143189 1.600000 0.555037 -0.123548 2.569988
4.440000 -0.135000 -0.145956 1.600000 0.443504 -0.125041 2.598808
4.500000 -0.135000 -0.123813 1.600000 0.563325 -0.165996 2.627675
4.560000 -0.135000 -0.098101 1.600000 0.549564 -0.313757 2.656450
4.620000 -0.135000 -0.086570 1.600000 0.428271 -0.101789 2.685371
4.680000 -0.134819 -0.084687 1.600000 0.226421 0.127513 2.717486
4.740000 -0.134818 -0.049445 1.600000 0.348193 0.148064 2.755653
4.800000 -0.134666 0.023217 1.600000 0.188124 -0.082889 2.793159
4.860000 -0.134612 0.018634 1.600000 0.354941 -0.056744 2.830723
4.920000 -0.134795 -0.009074 1.600000 0.173883 0.023131 2.868158
4.980000 -0.134993 -0.010747 1.600000 0.354714 0.017372 2.905708
5.040000 -0.134749 0.012317 1.600000 0.190928 0.105059 2.942892
5.100000 -0.133566 0.033295 1.600000 0.390116 -0.225824 2.980292
5.160000 -0.134322 -0.036740 1.600000 0.667109 -0.577381 3.015448
5.220000 -0.135000 -0.028680 1.600000 0.747445 -0.505205 3.040993
5.280000 -0.134760 -0.100509 1.600000 0.457491 -0.219267 3.069988
5.340000 -0.135000 -0.160251 1.600000 0.382799 0.085355 3.100450
5.400000 -0.135000 -0.127916 1.600000 0.393360 -0.049235 3.130880
5.460000 -0.135000 -0.070979 1.600000 0.444206 -0.193716 3.161248
5.520000 -0.135000 -0.044220 1.600000 0.455259 -0.261411 3.191535
5.580000 -0.135000 -0.051614 1.600000 0.435230 -0.222349 3.221752
5.640000 -0.135000 -0.069670 1.600000 0.414622 -0.181346 3.251885
5.700000 -0.135000 -0.080974 1.600000 0.428548 -0.163298 3.281943
5.760000 -0.135000 -0.082221 1.600000 0.427380 -0.170873 3.311911
5.820000 -0.135000 -0.078739 1.600000 0.449386 -0.188607 3.341797
5.880000 -0.135000 -0.076370 1.600000 0.448199 -0.202792 3.371589
5.940000 -0.135000 -0.077367 1.600000 0.464283 -0.206863 3.401293
6.000000 -0.135000 -0.080561 1.600000 0.459506 -0.207356 3.430896
6.060000 -0.135000 -0.084080 1.600000 0.476466 -0.207610 3.460403
6.120000 -0.135000 -0.086815 1.600000 0.475046 -0.211749 3.489802
6.180000 -0.135000 -0.088864 1.600000 0.495422 -0.217892 3.519098
6.240000 -0.135000 -0.090746 1.600000 0.496709 -0.225969 3.548277
6.300000 -0.135000 -0.093058 1.600000 0.518183 -0.232750 3.577344
6.360000 -0.134994 -0.095571 1.600000 0.512844 -0.232607 3.606284
6.420000 -0.134935 -0.096684 1.600000 0.516341 -0.220671 3.635096
6.480000 -0.134895 -0.100612 1.600000 0.802745 -0.497181 3.663745
6.540000 -0.135000 -0.109519 1.600000 0.811330 -0.492629 3.691567
6.600000 -0.133980 -0.068832 1.600000 0.592811 -0.250090 3.715821
6.660000 -0.130314 -0.004865 1.600000 0.375066 -0.012424 3.739587
6.720000 -0.123541 -0.029494 1.600000 0.362777 0.351235 3.775953
6.780000 -0.116570 0.099794 1.600000 0.233703 0.039524 3.813551
6.840000 -0.109350 0.157519 1.600000 0.357837 -0.235293 3.851323
6.900000 -0.103071 0.106433 1.600000 0.215725 0.129022 3.888990
6.960000 -0.096596 0.091003 1.600000 0.389505 -0.248420 3.926734
7.020000 -0.093130 0.012541 1.600000 0.231259 -0.012940 3.964288
7.080000 -0.091822 -0.027777 1.600000 0.312736 0.012083 4.001827
7.140000 -0.091645 -0.018303 1.600000 0.229730 0.108916 4.039295
7.200000 -0.090175 0.050565 1.600000 0.393048 0.209973 4.076842
7.260000 -0.084734 0.167960 1.600000 0.320780 0.176638 4.114475
7.320000 -0.073357 0.309403 1.600000 0.676653 0.403927 4.152696
7.380000 -0.053029 0.502136 1.600000 0.852378 0.594279 4.192291
7.440000 -0.020506 0.735086 1.600000 0.780905 0.349581 4.235011
7.500000 0.031031 1.008159 1.600000 0.726238 0.306571 4.284536
7.560000 0.083096 1.005785 1.585868 0.727080 0.349305 4.328887
7.620000 0.111767 0.831463 1.573108 0.738017 0.389180 4.355665
7.680000 0.126500 0.609859 1.564757 0.747272 0.387442 4.373658
7.740000 0.133436 0.370873 1.559618 0.755447 0.385994 4.387761
7.800000 0.135000 0.125461 1.556225 0.763115 0.381486 4.400422
7.860000 0.131699 -0.118240 1.554227 0.771183 0.371690 4.413431
7.920000 0.122456 -0.352849 1.554030 0.780734 0.359234 4.428643
7.980000 0.103896 -0.565075 1.557125 0.793283 0.346316 4.449086
8.040000 0.061936 -0.416032 1.573773 0.816368 0.330836 4.494066
8.100000 0.031417 -0.243169 1.592147 0.824987 0.363736 4.536374
8.160000 0.012862 -0.067558 1.600000 0.813861 0.414225 4.575742
8.220000 0.005013 0.107124 1.600000 0.793745 0.391503 4.613602
8.280000 0.007245 0.281579 1.600000 0.779391 0.352483 4.651176
8.340000 0.019510 0.445205 1.600000 0.454069 0.050133 4.689485
8.400000 0.039499 0.493091 1.600000 0.321187 -0.344943 4.728992
8.460000 0.060355 0.340745 1.600000 0.322275 -0.172322 4.768744
8.520000 0.078938 0.227392 1.600000 0.254259 0.220293 4.808006
8.580000 0.098907 0.322557 1.600000 0.650790 0.498124 4.847732
8.640000 0.117388 0.407306 1.600000 0.723909 0.586509 4.880423
8.700000 0.127719 0.330294 1.598639 0.834262 0.499640 4.902135
8.760000 0.133392 0.251677 1.600000 0.746088 0.380588 4.922564
8.820000 0.135000 0.166040 1.598781 0.684790 0.260061 4.942411
8.880000 0.132641 0.067995 1.599787 0.584199 0.071715 4.962344
8.940000 0.125715 -0.057211 1.600000 0.386609 -0.137578 4.983273
9.000000 0.112279 -0.245690 1.600000 0.452719 -0.374057 5.006921
9.060000 0.087781 -0.575967 1.600000 0.568132 -0.600000 5.035587
9.120000 0.030055 -0.983456 1.600000 0.768319 -0.454367 5.087341
9.180000 -0.039509 -1.112961 1.539205 0.488738 -0.316767 5.144698
9.240000 -0.084030 -1.064552 1.442503 0.410384 -0.301873 5.185392
9.300000 -0.109976 -0.913190 1.369534 0.430337 -0.281588 5.213951
9.360000 -0.124631 -0.711549 1.323033 0.482266 -0.285106 5.235259
9.420000 -0.132274 -0.484490 1.293943 0.541817 -0.292918 5.252610
9.480000 -0.135000 -0.245468 1.276450 0.605343 -0.305513 5.268210
9.540000 -0.133508 -0.002702 1.268504 0.673893 -0.311763 5.283724
9.600000 -0.127415 0.236851 1.270686 0.747807 -0.331520 5.300787
9.660000 -0.115051 0.463585 1.288025 0.823441 -0.323296 5.321553
9.720000 -0.092701 0.659888 1.323399 0.881102 -0.413173 5.349339
9.780000 -0.050303 0.629475 1.432803 0.946751 -0.085318 5.396439
9.840000 -0.002770 0.585425 1.557441 0.715385 0.426577 5.447629
9.900000 0.051945 0.878208 1.513035 0.190804 0.600000 5.500087
9.960000 0.089851 0.831577 1.357626 -0.184611 0.544825 5.537628
10.020000 0.112085 0.718772 1.206824 -0.097450 0.515453 5.566794
10.080000 0.124850 0.555035 1.102785 0.141001 0.517882 5.590640
10.140000 0.131934 0.366297 1.039151 0.351953 0.527174 5.611735
10.200000 0.135000 0.163993 1.006994 0.549152 0.536252 5.631455
10.260000 0.134670 -0.042774 1.002580 0.743589 0.540972 5.650898
10.320000 0.130813 -0.244887 1.017599 0.798744 0.545785 5.671186
10.380000 0.122561 -0.430500 1.044383 0.829835 0.538897 5.693896
10.440000 0.108119 -0.583923 1.084502 0.839022 0.506780 5.721231
10.500000 0.084485 -0.687177 1.143219 0.833576 0.432429 5.756145
10.560000 0.046236 -0.553765 1.249237 0.848776 0.277563 5.808894
10.620000 0.013874 -0.315186 1.375253 0.918668 0.201839 5.861171
10.680000 -0.004991 -0.155594 1.492388 0.980513 0.211716 5.905100
10.740000 -0.014326 -0.008421 1.578844 0.978631 0.389283 5.944586
10.800000 -0.014747 0.166095 1.600000 0.624887 0.431095 5.982209
10.860000 -0.006166 0.349366 1.600000 0.507669 0.051380 6.020201
10.920000 0.009134 0.412317 1.600000 0.233273 -0.334696 6.058808
10.980000 0.025536 0.289328 1.600000 0.359723 -0.046683 6.097787
11.040000 0.041856 0.230057 1.600000 0.219810 0.214560 6.136564
11.100000 0.059142 0.279551 1.600000 0.343411 -0.105565 6.175652
11.160000 0.075567 0.269296 1.600000 0.202750 -0.016815 6.214489
11.220000 0.091829 0.260566 1.600000 0.330789 0.072181 6.253396
11.280000 0.108430 0.268484 1.600000 0.223476 -0.148890 6.292355
11.340000 0.124187 0.250321 1.600000 0.368146 0.240076 6.331268
11.400000 0.134056 0.174035 1.600000 0.391574 0.265689 6.358638
11.460000 0.135000 -0.085039 1.598840 0.269106 0.161664 6.370885
11.520000 0.130209 -0.342742 1.600000 0.347426 0.032236 6.383828
11.580000 0.117099 -0.606869 1.598735 0.184495 -0.131719 6.400223
11.640000 0.085392 -0.914748 1.600000 0.454176 -0.213547 6.427191
11.700000 -0.001679 -0.936636 1.600000 0.140238 0.271641 6.493672
11.760000 -0.049209 -0.553306 1.600000 0.447340 -0.168998 6.537736
11.820000 -0.069373 -0.276566 1.600000 0.157474 -0.137249 6.566770
11.880000 -0.075476 -0.014730 1.600000 0.386182 0.104350 6.590930
11.940000 -0.069589 0.285336 1.600000 0.187789 0.108398 6.614990
12.000000 -0.049416 0.394992 1.600000 0.356888 -0.115630 6.651684
12.060000 -0.025329 0.384827 1.600000 0.185860 0.074063 6.691859
12.120000 -0.000192 0.400862 1.600000 0.348145 0.000313 6.732591
12.180000 0.024990 0.399645 1.600000 0.189293 -0.084102 6.773187
12.240000 0.049527 0.381720 1.600000 0.355536 0.125495 6.813772
12.300000 0.075488 0.415306 1.600000 0.192003 -0.110806 6.854855
12.360000 0.096452 0.330058 1.600000 0.349619 -0.002736 6.891579
12.420000 0.112375 0.254057 1.600000 0.222111 0.177927 6.925469
12.480000 0.124762 0.213273 1.600000 0.341449 -0.147597 6.958034
12.540000 0.132038 0.108621 1.600000 0.244279 -0.106886 6.989461
12.600000 0.134650 -0.001459 1.600000 0.328198 0.202252 7.020375
12.660000 0.135000 -0.021499 1.600000 0.528148 0.406624 7.051180
12.720000 0.135000 0.032322 1.600000 0.347975 0.198506 7.081969
12.780000 0.135000 0.080012 1.600000 0.392096 0.103215 7.112775
12.840000 0.135000 0.089751 1.600000 0.353336 0.088553 7.143559
12.900000 0.135000 0.074283 1.600000 0.406367 0.130538 7.174364
12.960000 0.135000 0.058390 1.600000 0.374578 0.170805 7.205147
13.020000 0.135000 0.054570 1.600000 0.412396 0.173384 7.235952
13.080000 0.135000 0.058816 1.600000 0.365350 0.160937 7.266737
13.140000 0.135000 0.063522 1.600000 0.404060 0.148706 7.297542
13.200000 0.135000 0.064740 1.600000 0.364234 0.148360 7.328326
13.260000 0.135000 0.063606 1.600000 0.405491 0.150110 7.359131
13.320000 0.135000 0.062150 1.600000 0.368437 0.157470 7.389916
13.380000 0.135000 0.061727 1.600000 0.397077 0.143953 7.420733
13.440000 0.135000 0.062126 1.600000 0.386887 0.178363 7.451587
13.500000 0.134830 0.054351 1.600000 0.310974 0.029635 7.482089
13.560000 0.134992 0.069115 1.600000 0.299372 -0.261691 7.519600
13.620000 0.134613 -0.013278 1.600000 0.268367 0.112251 7.556994
13.680000 0.134680 -0.014904 1.600000 0.281899 0.028527 7.594498
13.740000 0.134766 0.002481 1.600000 0.246268 -0.022518 7.631985
13.800000 0.134721 0.002481 1.600000 0.281798 0.005223 7.669498
13.860000 0.134746 0.000882 1.600000 0.245967 -0.012505 7.706985
13.920000 0.134689 -0.002391 1.600000 0.281660 0.012861 7.744498
13.980000 0.134708 0.000577 1.600000 0.246091 0.000504 7.781986
14.040000 0.134718 0.000550 1.600000 0.281761 -0.017883 7.819498
14.100000 0.134627 -0.002420 1.600000 0.246934 0.030851 7.856985
14.160000 0.134748 0.003756 1.600000 0.281620 -0.025143 7.894498
14.220000 0.134667 -0.002717 1.600000 0.247199 -0.011550 7.931986
14.280000 0.134486 -0.005393 1.600000 0.282630 0.045497 7.969496
14.340000 0.134638 0.006088 1.600000 0.246965 -0.031055 8.006979
14.400000 0.134661 0.001684 1.600000 0.281500 0.002115 8.044502
14.460000 0.134998 0.009377 1.600000 0.246919 0.022217 8.082678
14.520000 0.135000 -0.011322 1.600000 0.388113 0.263495 8.115907
14.580000 0.134998 0.020909 1.600000 0.310769 0.137493 8.148401
14.640000 0.135000 0.050331 1.600000 0.324031 0.082983 8.180771
14.700000 0.135000 0.054674 1.600000 0.316205 0.079019 8.213127
14.760000 0.135000 0.045587 1.600000 0.332026 0.104198 8.245489
14.820000 0.135000 0.039080 1.600000 0.323329 0.118113 8.277847
14.880000 0.135000 0.039199 1.600000 0.331320 0.115220 8.310210
14.940000 0.135000 0.041695 1.600000 0.319962 0.108893 8.342567
15.000000 0.135000 0.042964 1.600000 0.329892 0.106340 8.374930
15.060000 0.135000 0.042646 1.600000 0.320522 0.107768 8.407288
15.120000 0.135000 0.042019 1.600000 0.330627 0.109155 8.439651
15.180000 0.135000 0.041797 1.600000 0.320769 0.109618 8.472009
15.240000 0.135000 0.041940 1.600000 0.330390 0.109063 8.504372
15.300000 0.135000 0.042074 1.600000 0.320656 0.108887 8.536729
15.360000 0.135000 0.042117 1.600000 0.330301 0.108673 8.569092
15.420000 0.135000 0.042062 1.600000 0.320762 0.108982 8.601450
15.480000 0.135000 0.042037 1.600000 0.330309 0.108902 8.633813
15.540000 0.135000 0.042029 1.600000 0.320791 0.109015 8.666171
15.600000 0.135000 0.042053 1.600000 0.330235 0.108839 8.698534
15.660000 0.135000 0.042045 1.600000 0.320874 0.109041 8.730891
15.720000 0.135000 0.042056 1.600000 0.330098 0.108696 8.763254
15.780000 0.135000 0.042033 1.600000 0.321084 0.109279 8.795612
15.840000 0.134999 0.042016 1.600000 0.329399 0.107745 8.827975
15.900000 0.135000 0.042128 1.600000 0.323202 0.112383 8.860343
15.960000 0.134873 0.037110 1.600000 0.283145 0.022625 8.892783
16.020000 0.133478 -0.007804 1.600000 0.270135 -0.111717 8.925124
16.080000 0.129706 -0.065788 1.600000 0.337581 -0.213011 8.962915
16.140000 0.123417 -0.157444 1.600000 0.232685 0.099625 9.000536
16.200000 0.115935 -0.163085 1.600000 0.315433 -0.031975 9.038351
16.260000 0.107058 -0.163427 1.600000 0.220954 0.003541 9.076229
16.320000 0.097701 -0.159112 1.600000 0.307128 0.025579 9.114214
16.380000 0.088395 -0.152153 1.600000 0.222461 -0.040644 9.152130
16.440000 0.078805 -0.160062 1.600000 0.306593 0.027644 9.190138
16.500000 0.069405 -0.154888 1.600000 0.222096 0.001843 9.228065
16.560000 0.060059 -0.152626 1.600000 0.305553 -0.016992 9.266047
16.620000 0.050550 -0.159120 1.600000 0.222592 -0.006932 9.303985
16.680000 0.040796 -0.166439 1.600000 0.305456 -0.014686 9.342008
16.740000 0.031005 -0.161902 1.600000 0.235655 0.103449 9.379970
16.800000 0.022273 -0.129581 1.600000 0.301479 -0.050131 9.417895
16.860000 0.013201 -0.149700 1.600000 0.266920 -0.152728 9.455796
16.920000 0.002410 -0.206167 1.600000 0.280798 0.077944 9.493913
16.980000 -0.008526 -0.194038 1.600000 0.263462 0.072703 9.532027
17.040000 -0.017552 -0.111692 1.600000 0.551200 0.451825 9.569939
17.100000 -0.020582 0.061460 1.600000 0.431898 0.203751 9.607531
17.160000 -0.016248 0.243905 1.600000 0.808074 0.511773 9.645148
17.220000 -0.002383 0.447354 1.600000 0.799175 0.413995 9.683687
17.280000 0.023134 0.664509 1.600000 0.739527 0.309110 9.724503
17.340000 0.065256 0.903823 1.592190 0.728327 0.320663 9.770858
17.400000 0.103899 0.886381 1.580295 0.743711 0.362645 9.807980
17.460000 0.122701 0.682936 1.574264 0.755956 0.360812 9.828639
17.520000 0.131820 0.447002 1.571441 0.765698 0.363495 9.843607
17.580000 0.135001 0.201682 1.570105 0.774085 0.361523 9.856437
17.640000 0.133297 -0.044789 1.570017 0.782200 0.355663 9.869021
17.700000 0.126135 -0.284421 1.571403 0.790989 0.350469 9.883159
17.760000 0.110985 -0.507117 1.574973 0.801133 0.349689 9.901333
17.820000 0.081742 -0.692329 1.582875 0.812561 0.347885 9.928190
17.880000 0.027382 -0.564731 1.594635 0.815163 0.394814 9.977052
17.940000 -0.014556 -0.357094 1.600000 0.800890 0.376609 10.022956
18.000000 -0.041194 -0.168675 1.600000 0.786126 0.389159 10.064026
