0.000000 0.000000 0.000000 1.000000 0.000000 0.000000 0.000000 0.000010 10.000000 0.962013
0.060000 0.000424 0.012688 1.025758 0.602489 0.057960 0.060249 0.000010 7.297697 -0.710451
0.120000 0.002489 0.045568 1.197055 1.000000 0.019261 0.114720 0.000010 0.000000 -0.204578
0.180000 0.005621 0.062386 1.383330 1.000000 0.009742 0.161253 0.000010 -3.312253 -1.655193
0.240000 0.009140 0.061913 1.524744 0.863377 -0.058531 0.202500 0.000010 -10.000000 5.163286
0.300000 0.012524 0.056206 1.600000 0.480404 0.139209 0.240798 0.000010 -10.000000 -1.033196
0.360000 0.017690 0.110929 1.600000 0.105270 0.100452 0.278311 0.000010 9.097907 -6.846092
0.420000 0.024709 0.153279 1.600000 0.449833 -0.158832 0.316184 0.000010 -9.366063 4.501549
0.480000 0.031339 0.113196 1.600003 0.097516 0.010511 0.353800 0.000010 8.974047 -1.980298
0.540000 0.037566 0.084760 1.600001 0.436915 -0.064384 0.391620 0.000010 -7.068934 -2.932503
0.600000 0.041902 0.036788 1.600009 0.171936 -0.174308 0.429105 0.000010 6.698190 4.120650
0.660000 0.042911 -0.041367 1.600000 0.423935 -0.019282 0.466727 0.000010 -7.736219 4.635211
0.720000 0.041892 -0.061113 1.600002 0.134634 0.154055 0.504122 0.000010 8.545712 -10.000000
0.780000 0.040563 -0.032205 1.600000 0.455895 -0.221877 0.541715 0.000010 4.967281 -10.000000
0.840000 0.035711 -0.126827 1.600000 0.642511 -0.597569 0.579285 0.000010 6.257129 1.203225
0.900000 0.023760 -0.332411 1.600000 0.882386 -0.551442 0.617621 0.000010 -3.089787 2.258295
0.960000 0.001790 -0.577444 1.600000 0.759063 -0.461306 0.657534 -0.004901 -2.680264 0.833837
1.020000 -0.033894 -0.838870 1.560661 0.640721 -0.424489 0.701687 -3.861335 -1.074270 -0.047565
1.080000 -0.068070 -0.814880 1.501899 0.599400 -0.426318 0.740149 -4.000210 -6.511280 -0.053827
1.140000 -0.093255 -0.734152 1.430461 0.387915 -0.428064 0.772612 -4.000123 8.703787 -0.337571
1.200000 -0.111191 -0.622328 1.373887 0.634603 -0.437632 0.800953 -4.000029 2.148682 -0.393426
1.260000 -0.123527 -0.489346 1.348256 0.688417 -0.447484 0.825999 -4.000005 2.215911 -0.259610
1.320000 -0.131263 -0.343761 1.336399 0.738568 -0.453359 0.848633 -4.000051 1.895567 0.084621
1.380000 -0.135000 -0.192545 1.334966 0.778666 -0.451567 0.869787 -4.000166 1.371898 0.474232
1.440000 -0.135000 -0.041392 1.341440 0.806915 -0.441800 0.890380 -4.000351 0.818483 0.901453
1.500000 -0.131169 0.104568 1.354438 0.824081 -0.422894 0.911352 -4.000606 0.366779 1.353524
1.560000 -0.123016 0.240246 1.373807 0.832293 -0.392592 0.933740 -4.000354 0.115208 1.627546
1.620000 -0.109568 0.360521 1.400562 0.835176 -0.351865 0.958763 -4.000167 0.134301 1.586463
1.680000 -0.089270 0.461181 1.436778 0.839090 -0.305632 0.987906 -4.000037 0.407117 1.101190
1.740000 -0.059912 0.540412 1.485498 0.853352 -0.267056 1.022936 -3.995949 3.432822 0.812152
1.800000 -0.018726 0.599503 1.564337 1.000000 -0.232362 1.065656 0.000000 0.000000 0.000000
0.300000 0.012523 0.056207 1.599998 0.480404 0.139209 0.240798 0.000010 -10.000000 -1.035829
0.360000 0.017690 0.110916 1.600000 0.105269 0.100352 0.278311 0.000010 10.000000 -10.000000
0.420000 0.024339 0.140204 1.598678 0.483674 -0.278054 0.316152 0.000010 -6.154805 1.751222
0.480000 0.028540 0.037868 1.600000 0.252579 -0.212300 0.353699 0.000010 2.229357 10.000000
0.540000 0.029172 -0.066551 1.600000 0.336280 0.163148 0.391244 0.000010 -2.100383 -0.185434
0.600000 0.029208 -0.031061 1.600003 0.257553 0.156197 0.428726 0.000010 0.722879 -7.148818
0.660000 0.030151 0.039749 1.600001 0.284669 -0.111967 0.466237 0.000010 -0.593158 1.832876
0.720000 0.030841 0.025815 1.600006 0.262421 -0.043225 0.503741 0.000010 6.416835 -10.000000
0.780000 0.030025 -0.045956 1.600000 0.502962 -0.418086 0.541227 0.000010 -0.995726 4.866432
0.840000 0.023570 -0.211669 1.600005 0.465357 -0.234292 0.578995 0.000010 9.012405 -7.838472
0.900000 0.009422 -0.402192 1.600001 0.812695 -0.536388 0.617535 0.000010 -0.641978 3.852202
0.960000 -0.015452 -0.622244 1.600000 0.786589 -0.379735 0.658201 -0.004901 -1.316498 1.849119
1.020000 -0.054792 -0.857921 1.600000 0.727492 -0.296729 0.703091 -3.861335 -0.111779 -0.279801
1.080000 -0.087421 -0.788634 1.594010 0.723697 -0.306233 0.737047 -4.000210 0.434110 -1.515502
1.140000 -0.109475 -0.667782 1.585811 0.735273 -0.346646 0.763713 -4.000123 0.626954 -0.356434
1.200000 -0.123636 -0.523278 1.578771 0.749111 -0.354513 0.785785 -4.000029 0.713262 -0.301307
1.260000 -0.131775 -0.365351 1.574466 0.762858 -0.360320 0.805059 -4.000005 0.716785 -0.031431
1.320000 -0.135000 -0.200898 1.572442 0.775665 -0.360882 0.822927 -4.000051 0.681425 0.351719
1.380000 -0.133742 -0.035305 1.572755 0.787678 -0.354682 0.840555 -4.000166 0.613692 0.202789
1.440000 -0.127812 0.126422 1.575526 0.799045 -0.350925 0.859078 -4.000351 0.496584 0.014043
1.500000 -0.116359 0.278527 1.580800 0.809328 -0.350635 0.879786 -4.000606 0.325467 -0.073271
1.560000 -0.097751 0.413395 1.588818 0.817319 -0.352434 0.904338 -4.000354 0.053180 -0.872412
1.620000 -0.069495 0.520217 1.597708 0.818946 -0.379125 0.934933 -4.000167 -0.342307 -1.224702
1.680000 -0.028695 0.583627 1.600000 0.805475 -0.427322 0.974287 -4.000037 -0.409077 1.611341
1.740000 0.026201 0.590254 1.600000 0.784779 -0.345800 1.024879 -3.995949 -8.104610 7.635763
1.800000 0.095282 0.607019 1.600000 0.271894 0.137415 1.088162 4.518115 8.125657 10.000000
1.860000 0.117731 0.354253 1.600000 0.465941 0.376223 1.112043 4.001503 5.432565 10.000000
1.920000 0.129792 0.199709 1.600000 0.576237 0.579250 1.132346 4.000278 7.519242 1.158554
1.980000 0.135000 0.071814 1.597770 0.710908 0.600000 1.150256 4.000509 5.445395 -2.817736
2.040000 0.135000 -0.046183 1.600000 0.804704 0.551467 1.167481 4.000431 3.887437 -5.839144
2.100000 0.130092 -0.156294 1.607757 0.873908 0.447517 1.185284 4.000220 0.000000 0.000000
0.600000 0.029208 -0.031062 1.599960 0.257552 0.156200 0.428726 0.000010 1.641500 -10.000000
0.660000 0.029824 0.028018 1.600000 0.319102 -0.218760 0.466222 0.000010 -1.768007 6.745916
0.720000 0.029077 -0.015284 1.600000 0.252784 0.034280 0.503733 0.000010 1.660911 -5.196771
0.780000 0.027593 -0.050063 1.600000 0.315088 -0.160662 0.541245 0.000010 9.926096 -10.000000
0.840000 0.022340 -0.154278 1.599095 0.688958 -0.537316 0.578910 0.000010 4.031062 -0.921721
0.900000 0.009641 -0.351318 1.600000 0.843693 -0.572696 0.617296 0.000010 -1.742692 4.002364
0.960000 -0.013247 -0.588567 1.600000 0.773686 -0.411915 0.657467 -0.004901 -2.315513 0.300707
1.020000 -0.050034 -0.842340 1.575735 0.671110 -0.398594 0.701766 -3.861335 -1.025362 -0.301606
1.080000 -0.081993 -0.797173 1.534090 0.634990 -0.409219 0.736993 -4.000210 0.011860 0.009407
1.140000 -0.104495 -0.698954 1.495118 0.635332 -0.408947 0.765854 -4.000123 0.787165 -0.083169
1.200000 -0.119702 -0.572467 1.464791 0.654659 -0.410989 0.790407 -4.000029 1.291090 0.013281
1.260000 -0.129236 -0.428365 1.443296 0.682662 -0.410701 0.812096 -4.000005 1.553429 0.100412
1.320000 -0.134153 -0.274385 1.429611 0.713770 -0.408690 0.832122 -4.000051 1.603429 0.237512
1.380000 -0.135000 -0.116541 1.422760 0.744878 -0.404082 0.851523 -4.000166 1.473306 0.374792
1.440000 -0.131854 0.039868 1.422309 0.773986 -0.396677 0.871280 -4.000351 1.198990 0.441315
1.500000 -0.124330 0.189386 1.428368 0.799348 -0.387342 0.892433 -4.000606 0.822552 0.355824
1.560000 -0.111533 0.325601 1.441289 0.818898 -0.378885 0.916200 -4.000354 0.444465 0.878578
1.620000 -0.091984 0.440622 1.462535 0.831294 -0.354382 0.944089 -4.000167 0.053222 -0.616357
1.680000 -0.063659 0.525367 1.489460 0.833094 -0.375235 0.977922 -4.000037 0.518274 5.336804
1.740000 -0.024259 0.577400 1.543549 0.854694 -0.152814 1.019599 -3.995949 -9.783546 10.000000
1.800000 0.034243 0.740986 1.600000 0.333425 0.379990 1.072879 4.518115 10.000000 4.300441
1.860000 0.076941 0.656340 1.600000 0.719207 0.545889 1.111458 4.001503 -0.842260 -1.639584
1.920000 0.103503 0.614507 1.600000 0.694765 0.498309 1.140482 4.000278 1.824166 -6.728601
1.980000 0.120361 0.535893 1.598129 0.737072 0.342257 1.163674 4.000509 -3.359185 -6.144886
2.040000 0.130365 0.424595 1.600000 0.670997 0.221387 1.183344 4.000431 -1.543907 -3.097375
2.100000 0.135000 0.288828 1.599692 0.643529 0.166281 1.201135 4.000220 -0.026144 0.526834
2.160000 0.134957 0.137201 1.596592 0.643078 0.175359 1.218367 4.000079 1.196759 -0.541503
2.220000 0.130280 -0.022385 1.592906 0.664463 0.165683 1.236236 4.000007 2.268975 1.056675
2.280000 0.120323 -0.184880 1.592183 0.709295 0.186563 1.255994 4.000006 3.035122 0.130088
2.340000 0.103665 -0.345370 1.600000 0.779635 0.189577 1.279170 4.000074 7.724059 8.584103
2.400000 0.077944 -0.494254 1.618950 1.000000 0.434481 1.307699 4.000213 0.000000 0.000000
0.900000 0.009641 -0.351321 1.599995 0.843694 -0.572697 0.617296 0.000010 -1.742484 4.003164
0.960000 -0.013247 -0.588567 1.600000 0.773695 -0.411883 0.657467 -0.004901 -2.289153 0.605569
1.020000 -0.050030 -0.842052 1.577360 0.672326 -0.385067 0.701750 -3.861335 -1.029356 -1.248244
1.080000 -0.081963 -0.796215 1.535479 0.636119 -0.428972 0.736924 -4.000210 -0.040995 -0.053237
1.140000 -0.104422 -0.697854 1.493815 0.634936 -0.430508 0.765777 -4.000123 -1.919446 -0.293783
1.200000 -0.119591 -0.571684 1.456532 0.587675 -0.437742 0.790399 -4.000029 4.119428 -0.036683
1.260000 -0.129104 -0.428421 1.428236 0.677832 -0.438545 0.812288 -4.000005 1.602038 0.096052
1.320000 -0.134057 -0.275488 1.411657 0.710325 -0.436597 0.832571 -4.000051 1.649300 0.332380
1.380000 -0.135000 -0.118872 1.402554 0.742776 -0.430057 0.852246 -4.000166 1.491140 0.357253
1.440000 -0.132029 0.036040 1.400340 0.772638 -0.422902 0.872273 -4.000351 1.171206 0.500185
1.500000 -0.124799 0.183660 1.404882 0.797694 -0.412202 0.893666 -4.000606 0.757207 0.551429
1.560000 -0.112491 0.317486 1.416525 0.815818 -0.399002 0.917602 -4.000354 0.375047 1.178207
1.620000 -0.093756 0.429837 1.436908 0.826287 -0.366114 0.945516 -4.000167 0.057860 -0.046197
1.680000 -0.066756 0.512794 1.464688 0.828230 -0.367667 0.979103 -4.000037 0.750925 5.802783
1.740000 -0.029285 0.568054 1.523536 0.859020 -0.129736 1.020105 -3.995949 -7.282886 10.000000
1.800000 0.027055 0.745129 1.600000 0.479769 0.391022 1.072181 4.518115 4.450309 5.219192
1.860000 0.071620 0.675191 1.600000 0.657994 0.600000 1.112221 4.001503 5.783482 -2.664115
1.920000 0.099692 0.644026 1.597192 0.832647 0.519560 1.142421 4.000278 -4.985003 -8.862434
1.980000 0.117796 0.570738 1.600000 0.713172 0.307143 1.166388 4.000509 -3.009682 -4.909499
2.040000 0.128761 0.460521 1.600000 0.652536 0.208237 1.186534 4.000431 -1.458716 1.159774
2.100000 0.134206 0.324605 1.593823 0.626157 0.229207 1.204617 4.000220 -0.452744 0.829845
2.160000 0.135000 0.175498 1.581708 0.618276 0.243653 1.222026 4.000079 0.481653 -0.822424
2.220000 0.131327 0.021240 1.568181 0.626907 0.228917 1.239944 4.000007 1.424134 -0.048719
2.280000 0.122744 -0.133284 1.556417 0.654862 0.227963 1.259573 4.000006 2.215263 0.670032
2.340000 0.108170 -0.283681 1.549017 0.705288 0.243216 1.282336 4.000074 2.635141 0.890513
2.400000 0.085832 -0.424181 1.551772 0.778173 0.267847 1.309996 4.000213 2.152423 2.297965
2.460000 0.053261 -0.543176 1.568827 0.852725 0.347445 1.344634 4.000425 0.699231 0.703672
2.520000 0.007706 -0.614755 1.600000 0.883380 0.378285 1.388475 3.994591 -2.216299 3.132556
2.580000 -0.052338 -0.608628 1.600000 0.761292 0.550902 1.443570 -4.241003 1.259057 -9.545149
2.640000 -0.078874 -0.202314 1.600001 0.801181 0.248096 1.475290 -3.999624 -8.633256 -10.000000
2.700000 -0.086306 0.144922 1.621616 0.582675 -0.005025 1.500602 -4.000021 0.000000 0.000000
1.320000 -0.134057 -0.275488 1.411658 0.710337 -0.436597 0.832571 -4.000051 1.623398 -0.621576
1.380000 -0.135000 -0.118906 1.401647 0.742285 -0.448829 0.852251 -4.000166 1.446318 0.511304
1.440000 -0.132031 0.035785 1.397682 0.771288 -0.438576 0.872303 -4.000351 1.126997 0.407937
1.500000 -0.124818 0.182902 1.400348 0.795454 -0.429829 0.893746 -4.000606 0.702262 0.522967
1.560000 -0.112564 0.315766 1.409677 0.812316 -0.417272 0.917758 -4.000354 0.310263 1.260911
1.620000 -0.093975 0.426451 1.427368 0.821006 -0.381958 0.945764 -4.000167 -0.025877 -0.208177
1.680000 -0.067325 0.506763 1.451339 0.820134 -0.388967 0.979430 -4.000037 0.782009 6.759003
1.740000 -0.030598 0.559362 1.508913 0.852185 -0.111949 1.020415 -3.995949 -4.824192 10.000000
1.800000 0.024782 0.745398 1.600000 0.602441 0.405744 1.072184 4.518115 -1.068748 4.805854
1.860000 0.069873 0.683550 1.600000 0.559244 0.600000 1.112605 4.001503 8.487170 -5.362666
1.920000 0.098435 0.655912 1.593814 0.819253 0.435713 1.143241 4.000278 -4.557406 -5.558900
1.980000 0.116932 0.581939 1.600000 0.708796 0.300982 1.167477 4.000509 -2.787400 -3.687486
2.040000 0.128200 0.470179 1.598346 0.652156 0.226052 1.187797 4.000431 -1.446354 1.766671
2.100000 0.133922 0.333965 1.589636 0.625816 0.258225 1.206008 4.000220 -0.532514 -0.183562
2.160000 0.135000 0.185554 1.575644 0.616501 0.255014 1.223502 4.000079 0.396762 -0.844251
2.220000 0.131648 0.032195 1.561025 0.623620 0.239864 1.241446 4.000007 1.315504 -0.154841
2.280000 0.123471 -0.121329 1.548031 0.649377 0.236832 1.261025 4.000006 2.106634 0.521811
2.340000 0.109465 -0.270644 1.539154 0.697000 0.248629 1.283632 4.000074 2.580292 0.671834
2.400000 0.087963 -0.410323 1.540165 0.767562 0.267001 1.310978 4.000213 2.268359 1.725606
2.460000 0.056634 -0.530366 1.557098 0.844889 0.325826 1.345067 4.000425 -3.499085 -1.033256
2.520000 0.012667 -0.610473 1.580510 0.694112 0.281302 1.388157 3.994591 -7.640632 -10.000000
2.580000 -0.049913 -0.720196 1.600000 0.265155 -0.280126 1.444300 -4.241003 10.000000 -6.160771
2.640000 -0.088305 -0.589123 1.598873 0.621529 -0.499670 1.479937 -3.999624 4.688529 -3.735421
2.700000 -0.111036 -0.515101 1.600001 0.746052 -0.598858 1.506493 -4.000021 3.839088 3.491164
2.760000 -0.124825 -0.423973 1.599020 0.828807 -0.523649 1.528048 -3.999996 -5.044111 8.956870
2.820000 -0.132400 -0.313574 1.600001 0.734113 -0.355490 1.546821 -4.000041 -3.520773 6.427018
2.880000 -0.135000 -0.188596 1.600001 0.672567 -0.243143 1.564302 -4.000157 -1.759951 5.521470
2.940000 -0.132992 -0.052586 1.600000 0.641930 -0.147027 1.581709 -4.000342 0.107480 0.326103
3.000000 -0.126046 0.092237 1.599225 0.643924 -0.140978 1.600252 -4.000597 1.819646 1.019988
3.060000 -0.113166 0.242080 1.600000 0.682324 -0.119465 1.621354 -4.000351 10.000000 1.415695
3.120000 -0.092418 0.397707 1.624831 0.936143 -0.083493 1.646736 -4.000162 0.000000 0.000000
1.860000 0.069872 0.683552 1.600001 0.559243 0.599996 1.112604 4.001503 6.181471 -10.000003
1.920000 0.098387 0.653979 1.600001 0.748284 0.294176 1.143186 4.000278 -10.000003 6.008497
1.980000 0.116656 0.572910 1.590310 0.506747 0.439304 1.167340 4.000509 -5.359604 4.171660
2.040000 0.127792 0.463405 1.543504 0.395607 0.525810 1.188077 4.000431 10.000003 -6.549882
2.100000 0.133577 0.338243 1.500943 0.587339 0.400227 1.207250 4.000220 -1.060580 -2.614174
2.160000 0.135003 0.203922 1.472442 0.567544 0.351433 1.225915 4.000079 -0.006274 -2.150247
2.220000 0.132376 0.065656 1.445338 0.567423 0.310185 1.245098 4.000007 1.072073 -1.215877
2.280000 0.125524 -0.072442 1.421128 0.589711 0.284908 1.265887 4.000006 2.081911 -0.201401
2.340000 0.113875 -0.207123 1.402714 0.638833 0.280156 1.289482 4.000074 2.855580 -0.210039
2.400000 0.096510 -0.335286 1.397782 0.717960 0.274336 1.317191 4.000213 2.775516 2.095522
2.460000 0.072172 -0.451014 1.412352 0.809891 0.343745 1.350314 4.000425 2.436757 -5.502332
2.520000 0.039024 -0.546148 1.476524 0.906571 0.125437 1.389989 3.994591 -2.238386 -10.000003
2.580000 -0.011347 -0.739618 1.598665 0.796867 -0.364669 1.439000 -4.241003 -10.000003 -5.459000
2.640000 -0.059020 -0.690998 1.600001 0.365774 -0.600003 1.482109 -3.999624 7.065021 2.349126
2.700000 -0.089652 -0.671363 1.551779 0.598976 -0.522464 1.515116 -4.000021 -10.000003 0.621028
2.760000 -0.110080 -0.611909 1.499677 0.328984 -0.505698 1.542114 -3.999996 10.000003 1.873022
2.820000 -0.123320 -0.520995 1.446467 0.563764 -0.461723 1.565592 -4.000041 0.227303 1.974224
2.880000 -0.131279 -0.407954 1.410778 0.568599 -0.419656 1.586899 -4.000157 -0.234843 1.738027
2.940000 -0.135003 -0.280861 1.378935 0.563844 -0.384475 1.607144 -4.000342 0.799047 1.500439
3.000000 -0.135003 -0.145944 1.351320 0.579972 -0.354185 1.627328 -4.000597 1.733819 0.990012
3.060000 -0.131402 -0.007802 1.330267 0.616463 -0.333352 1.648375 -4.000351 2.482451 0.614337
3.120000 -0.123986 0.129783 1.319313 0.673122 -0.319330 1.671199 -4.000162 2.853023 0.233366
3.180000 -0.112196 0.263015 1.323634 0.745976 -0.313371 1.696734 -4.000044 2.590760 0.194744
3.240000 -0.095038 0.386406 1.349022 0.821687 -0.307679 1.725958 -3.999997 1.741710 0.284181
3.300000 -0.070901 0.491443 1.399089 0.880905 -0.298017 1.759958 -4.001153 0.813270 0.426513
3.360000 -0.037410 0.568071 1.472635 0.913516 -0.280914 1.800057 -0.945333 -0.010201 -0.783955
3.420000 0.001850 0.426120 1.554158 0.913038 -0.317631 1.846892 -0.003236 -0.964149 -2.120662
3.480000 0.029746 0.234092 1.600001 0.872614 -0.406545 1.888820 0.000010 -3.343142 -2.218911
3.540000 0.046061 0.042093 1.600001 0.742881 -0.492652 1.927626 0.000010 -2.308890 10.000003
3.600000 0.052072 -0.144351 1.600001 0.655541 -0.114378 1.965453 0.000010 -5.958435 10.000003
3.660000 0.050031 -0.241917 1.623602 0.433682 0.257967 2.002687 0.000010 0.000000 0.000000
2.400000 0.096511 -0.335284 1.397781 0.717959 0.274337 1.317191 4.000213 2.783243 2.016815
2.460000 0.072171 -0.451073 1.412593 0.810143 0.341135 1.350312 4.000425 2.331642 -4.850174
2.520000 0.039051 -0.545166 1.474425 0.902655 0.148696 1.389989 3.994591 -2.239082 -10.000003
2.580000 -0.010581 -0.724294 1.595274 0.793459 -0.338984 1.438757 -4.241003 -10.000003 -6.097910
2.640000 -0.057034 -0.662479 1.600001 0.365413 -0.600003 1.481561 -3.999624 -0.972297 2.211675
2.700000 -0.086747 -0.641913 1.532007 0.333224 -0.526779 1.514669 -4.000021 -10.000003 0.678435
2.760000 -0.106640 -0.588882 1.442095 0.053547 -0.507805 1.542637 -3.999996 -5.288340 1.004812
2.820000 -0.119721 -0.509333 1.325618 -0.081050 -0.482237 1.568082 -4.000041 10.000003 0.511142
2.880000 -0.127958 -0.412807 1.216804 0.165801 -0.469619 1.592767 -4.000157 10.000003 0.207948
2.940000 -0.132763 -0.303798 1.142490 0.412845 -0.464482 1.617471 -4.000342 9.019521 -0.085139
3.000000 -0.135003 -0.184769 1.106694 0.637389 -0.466601 1.642368 -4.000597 3.526747 -0.277590
3.060000 -0.135003 -0.059347 1.101698 0.725545 -0.473540 1.667366 -4.000351 2.711688 -0.038246
3.120000 -0.132625 0.065727 1.116280 0.793955 -0.474504 1.692594 -4.000162 1.481578 0.594927
3.180000 -0.127445 0.183127 1.145882 0.832240 -0.459130 1.718435 -4.000044 0.542401 1.468897
3.240000 -0.118815 0.287391 1.187032 0.846937 -0.419331 1.745529 -3.999997 0.168043 2.154766
3.300000 -0.105815 0.376623 1.239187 0.851847 -0.356366 1.774750 -4.001153 0.348278 2.137856
3.360000 -0.087091 0.453782 1.304051 0.863143 -0.287025 1.807185 -0.945333 0.901485 1.428839
3.420000 -0.060319 0.304995 1.405704 0.904418 -0.221605 1.852971 -0.003236 1.133801 -0.052807
3.480000 -0.041724 0.138639 1.508224 0.953355 -0.223884 1.896132 0.000010 -0.057666 -4.527816
3.540000 -0.032911 -0.014548 1.581791 0.951094 -0.401379 1.935333 0.000010 -8.449131 0.194360
3.600000 -0.033264 -0.189470 1.600001 0.633215 -0.394067 1.972956 0.000010 -4.802836 10.000003
3.660000 -0.042661 -0.364847 1.600001 0.450509 -0.013656 2.010997 0.000010 -4.366969 9.282832
3.720000 -0.058382 -0.407243 1.600001 0.281492 0.345622 2.049700 0.000010 0.485402 -10.000003
3.780000 -0.074931 -0.281890 1.600001 0.300400 -0.043910 2.088653 0.000339 3.686528 -9.045538
3.840000 -0.092691 -0.273258 1.600006 0.444493 -0.397451 2.127733 0.163025 8.751350 -4.842427
3.900000 -0.116634 -0.462797 1.600002 0.803586 -0.596142 2.168767 -3.988337 -0.973636 1.098404
3.960000 -0.128291 -0.347517 1.600004 0.783664 -0.573671 2.189224 -4.000399 2.116928 5.813276
4.020000 -0.134054 -0.222718 1.600007 0.822077 -0.468185 2.207370 -4.000513 -4.014977 3.416820
4.080000 -0.135003 -0.092440 1.600008 0.752677 -0.409125 2.224655 -4.000281 -2.883616 9.602220
4.140000 -0.131347 0.039076 1.600009 0.701818 -0.239769 2.242293 -4.000116 10.000003 10.000003
4.200000 -0.122486 0.173842 1.619331 0.893249 -0.048354 2.261434 -3.985796 0.000000 0.000000
2.940000 -0.132763 -0.303783 1.142510 0.412875 -0.464479 1.617471 -4.000342 9.173056 3.332068
3.000000 -0.135000 -0.184330 1.112229 0.640880 -0.381657 1.642327 -4.000597 3.641191 -3.908097
3.060000 -0.134941 -0.056572 1.112531 0.731172 -0.478569 1.667125 -4.000351 2.678081 1.107215
3.120000 -0.132415 0.070658 1.128254 0.798169 -0.450870 1.692141 -4.000162 1.506262 0.442906
3.180000 -0.126971 0.190400 1.160250 0.836808 -0.439509 1.717794 -4.000044 0.600961 1.670850
3.240000 -0.117909 0.297460 1.203952 0.853017 -0.394443 1.744766 -3.999997 0.290310 2.187897
3.300000 -0.104194 0.390481 1.259676 0.861500 -0.330514 1.773985 -4.001153 0.514692 2.018575
3.360000 -0.084267 0.472858 1.329247 0.878305 -0.264605 1.806636 -0.945333 0.982713 1.061602
3.420000 -0.055591 0.334437 1.435349 0.923133 -0.216179 1.852252 -0.003236 1.033761 -0.157009
3.480000 -0.034830 0.174370 1.539331 0.967301 -0.222887 1.894979 0.000010 -2.406914 -6.356508
3.540000 -0.023733 0.021393 1.597773 0.873941 -0.469446 1.933767 0.000010 -10.000000 5.124321
3.600000 -0.021776 -0.155768 1.600000 0.498908 -0.277268 1.971271 0.000010 -2.716164 10.000000
3.660000 -0.028161 -0.305171 1.600000 0.396267 0.100619 2.009059 0.000010 -3.820072 0.616689
3.720000 -0.039687 -0.313130 1.600000 0.250483 0.124153 2.047222 0.000010 3.988036 -10.000000
3.780000 -0.054248 -0.275120 1.600000 0.404403 -0.261803 2.085817 0.000339 8.985067 -8.562477
3.840000 -0.073949 -0.378275 1.600000 0.759291 -0.600000 2.125315 0.163025 0.981338 1.223075
3.900000 -0.103567 -0.616512 1.600000 0.800841 -0.548213 2.167656 -3.988337 0.112722 4.328495
3.960000 -0.120396 -0.517693 1.599747 0.803456 -0.447785 2.190858 -4.000399 -3.142838 5.160864
4.020000 -0.130356 -0.396042 1.600000 0.741698 -0.346372 2.210508 -4.000513 -2.064070 4.901206
4.080000 -0.135000 -0.258762 1.600000 0.704970 -0.259160 2.228302 -4.000281 -0.908693 2.133678
4.140000 -0.135000 -0.111008 1.600000 0.689330 -0.222438 2.245513 -4.000116 0.165045 0.892542
4.200000 -0.130357 0.042182 1.599636 0.692268 -0.206553 2.263310 -3.985796 1.119625 -0.352028
4.260000 -0.120394 0.194837 1.600000 0.714347 -0.213496 2.283031 0.151242 1.387025 -2.772734
4.320000 -0.101475 0.030094 1.600000 0.769783 -0.324314 2.322998 -0.000317 -10.000000 8.678946
4.380000 -0.093726 -0.099711 1.600000 0.391354 0.004122 2.360840 0.000010 -2.206375 5.528059
4.440000 -0.092547 -0.126815 1.600006 0.308572 0.211533 2.398359 0.000010 -1.671138 -4.200165
4.500000 -0.093185 -0.036626 1.600000 0.245903 0.054027 2.435860 0.000010 1.106509 -3.685664
4.560000 -0.093669 0.021636 1.600002 0.287407 -0.084221 2.473370 0.000010 -1.037697 2.954828
4.620000 -0.093945 0.013100 1.600000 0.248504 0.026552 2.510859 0.000010 0.875066 -0.892051
4.680000 -0.093582 0.010611 1.600001 0.281331 -0.006912 2.548373 0.001016 0.111363 -4.128311
4.740000 -0.093607 -0.009689 1.600044 0.285506 -0.161667 2.585859 0.060745 0.000000 0.000000
3.420000 -0.055591 0.334437 1.435350 0.923133 -0.216178 1.852252 -0.003236 0.557775 -2.317635
3.480000 -0.035032 0.167020 1.527583 0.947005 -0.315372 1.895052 0.000010 -0.958672 -2.688824
3.540000 -0.024795 -0.005301 1.583173 0.909524 -0.420497 1.934149 0.000010 -3.691913 -0.279198
3.600000 -0.024142 -0.192620 1.600000 0.770468 -0.431014 1.971814 0.000010 -8.426337 10.000000
3.660000 -0.033028 -0.378130 1.600000 0.450659 -0.051480 2.009767 0.000010 -3.302487 10.000000
3.720000 -0.049209 -0.444067 1.600000 0.322468 0.336685 2.048584 0.000010 -1.388934 -8.920011
3.780000 -0.067259 -0.326039 1.600000 0.268036 -0.012881 2.087773 0.000339 5.366904 -10.000000
3.840000 -0.086931 -0.307093 1.600000 0.479773 -0.407405 2.127225 0.163025 7.367089 -4.619231
3.900000 -0.113060 -0.493079 1.600000 0.785585 -0.599151 2.168736 -3.988337 1.580033 0.410095
3.960000 -0.126162 -0.381171 1.600000 0.819061 -0.590463 2.189924 -4.000399 0.211191 5.549196
4.020000 -0.133051 -0.258135 1.600000 0.822974 -0.487684 2.208445 -4.000513 -3.973873 5.513095
4.080000 -0.135000 -0.128115 1.600000 0.753846 -0.391780 2.225841 -4.000281 -2.856967 7.494680
4.140000 -0.132364 0.004777 1.600000 0.703883 -0.260713 2.243329 -4.000116 -3.861400 1.638760
4.200000 -0.124762 0.138250 1.597432 0.631341 -0.229926 2.262115 -3.985796 -0.307546 10.000000
4.260000 -0.111004 0.271142 1.600000 0.624686 -0.013535 2.283754 0.151242 -8.785263 4.137368
4.320000 -0.084373 0.171557 1.600007 0.260374 0.158045 2.325222 -0.000317 2.441060 -0.148323
4.380000 -0.064068 0.241813 1.600002 0.357208 0.152161 2.364891 0.000010 -4.081219 -1.417943
4.440000 -0.043825 0.359055 1.600001 0.195967 0.096142 2.404399 0.000010 4.169859 -6.101925
4.500000 -0.021035 0.422223 1.600002 0.363501 -0.149022 2.444578 0.000010 -2.902596 -1.194126
4.560000 0.001433 0.357230 1.600000 0.247433 -0.196773 2.484566 0.000010 1.702533 7.856824
4.620000 0.021141 0.264877 1.600001 0.314702 0.113657 2.524077 0.000010 -0.761906 2.064998
4.680000 0.040613 0.296294 1.600003 0.284680 0.195036 2.563481 0.001016 7.616881 5.610921
4.740000 0.063732 0.435739 1.600000 0.591014 0.420692 2.603698 0.060745 5.155951 2.857900
4.800000 0.095988 0.661860 1.600006 0.809879 0.542008 2.646146 3.993414 -0.706587 -4.972679
4.860000 0.115390 0.569729 1.600009 0.792391 0.418896 2.670909 4.000125 -2.766425 -3.918738
4.920000 0.127311 0.451170 1.600009 0.735325 0.338049 2.691536 4.000287 -1.684805 -5.203690
4.980000 0.133552 0.313960 1.600007 0.704470 0.242760 2.709848 4.000519 -0.566822 -0.523227
5.040000 0.135000 0.163850 1.600004 0.694640 0.233685 2.727188 4.000450 0.273541 0.261584
5.100000 0.131880 0.007453 1.598258 0.699445 0.238278 2.744748 4.000236 1.189252 -3.142266
5.160000 0.123758 -0.149920 1.600000 0.722029 0.178619 2.763736 4.000093 10.000000 -4.871454
5.220000 0.109348 -0.308911 1.624888 0.939830 0.072542 2.785495 4.000020 0.000000 0.000000
3.720000 -0.049209 -0.444068 1.600000 0.322469 0.336685 2.048584 0.000010 -1.389000 -8.917853
3.780000 -0.067259 -0.326029 1.600000 0.268036 -0.012796 2.087773 0.000339 5.363708 -10.000001
3.840000 -0.086930 -0.307043 1.600000 0.479645 -0.407316 2.127225 0.163025 7.391374 -4.641917
3.900000 -0.113055 -0.493013 1.600000 0.786459 -0.600001 2.168735 -3.988337 -0.278232 2.308068
3.960000 -0.126157 -0.381162 1.600000 0.780564 -0.551096 2.189923 -4.000399 2.266070 3.423779
4.020000 -0.133049 -0.258281 1.600000 0.822537 -0.487679 2.208446 -4.000513 -3.978039 5.583078
4.080000 -0.135001 -0.128371 1.600000 0.753336 -0.390557 2.225842 -4.000281 -2.858279 7.447130
4.140000 -0.132368 0.004461 1.600000 0.703352 -0.260326 2.243329 -4.000116 -1.508939 1.609086
4.200000 -0.124771 0.137947 1.599358 0.675018 -0.230112 2.262106 -3.985796 0.059734 4.300170
4.260000 -0.111091 0.268355 1.600000 0.676308 -0.137283 2.283693 0.151242 1.744265 -3.758133
4.320000 -0.086610 0.092999 1.600000 0.747911 -0.291556 2.324744 -0.000317 -5.961242 5.335481
4.380000 -0.074260 -0.039557 1.600000 0.519340 -0.086979 2.363087 0.000010 -7.262200 10.000001
4.440000 -0.069534 -0.085758 1.600000 0.246462 0.288771 2.400662 0.000010 2.737275 -4.542036
4.500000 -0.066279 0.026383 1.600003 0.349465 0.117859 2.438291 0.000010 -3.577997 -1.013297
4.560000 -0.061462 0.139714 1.600000 0.215064 0.079795 2.475855 0.000010 10.000001 6.523668
4.620000 -0.052549 0.240211 1.600002 0.594857 0.327560 2.513834 0.000010 4.403508 6.725997
4.680000 -0.036184 0.403129 1.600001 0.765925 0.588853 2.552682 0.001016 1.659471 -3.886328
4.740000 -0.009376 0.622969 1.600000 0.834265 0.428807 2.593864 0.060745 -2.186377 -1.397699
4.800000 0.031980 0.869998 1.600000 0.734715 0.365168 2.639396 3.993414 -1.133763 0.668529
4.860000 0.070037 0.829435 1.577397 0.691301 0.390767 2.677688 4.000125 -0.329495 0.020869
4.920000 0.096952 0.739706 1.549827 0.681180 0.391408 2.708403 4.000287 0.294732 -0.056444
4.980000 0.115169 0.617621 1.527282 0.688641 0.389979 2.733717 4.000519 0.724661 -0.289580
5.040000 0.126747 0.475087 1.511054 0.704374 0.383692 2.755429 4.000450 0.997258 -0.417075
5.100000 0.133097 0.320596 1.500595 0.723877 0.375536 2.774985 4.000236 1.142409 -0.523065
5.160000 0.135001 0.160432 1.495172 0.745110 0.365814 2.793571 4.000093 1.195416 -0.879963
5.220000 0.132683 -0.000260 1.494800 0.767437 0.349378 2.812249 4.000020 1.177374 -0.841723
5.280000 0.125827 -0.156654 1.500181 0.790804 0.332673 2.832095 4.000018 1.090769 -0.774675
5.340000 0.113515 -0.303431 1.512640 0.815089 0.315425 2.854360 4.000086 0.930967 -0.458391
5.400000 0.094087 -0.434072 1.534169 0.839534 0.303389 2.880618 4.000224 0.747796 -0.802164
5.460000 0.065009 -0.540538 1.568672 0.863659 0.277510 2.912879 4.000904 3.359405 4.034991
5.520000 0.023113 -0.609206 1.612612 1.000001 0.441271 2.953464 4.475293 0.000000 0.000000
4.080000 -0.134999 -0.128360 1.599993 0.753335 -0.390552 2.225842 -4.000281 -2.857927 7.452774
4.140000 -0.132367 0.004474 1.600000 0.703356 -0.260220 2.243330 -4.000116 -1.522204 1.390397
4.200000 -0.124770 0.137918 1.599152 0.674772 -0.234111 2.262108 -3.985796 0.063660 4.847879
4.260000 -0.111094 0.268205 1.600000 0.676147 -0.129448 2.283697 0.151242 1.776306 -4.160508
4.320000 -0.086595 0.093604 1.600000 0.749060 -0.300228 2.324745 -0.000317 -7.279701 7.004379
4.380000 -0.074165 -0.036240 1.600000 0.469849 -0.031577 2.363100 0.000010 -5.103687 10.000000
4.440000 -0.068672 -0.058101 1.600000 0.277895 0.344531 2.400711 0.000010 0.639030 -10.000000
4.500000 -0.063941 0.067425 1.600000 0.301966 -0.032152 2.438379 0.000010 -1.641954 1.972659
4.560000 -0.058868 0.128104 1.600000 0.240215 0.042036 2.475987 0.000010 9.290312 10.000000
4.620000 -0.050795 0.195132 1.600000 0.591956 0.420646 2.513848 0.000010 4.975837 4.011050
4.680000 -0.035843 0.363099 1.600000 0.784364 0.575747 2.552517 0.001016 0.984829 -2.413461
4.740000 -0.010950 0.593108 1.600000 0.824404 0.477624 2.593173 0.060745 -2.771021 -1.097977
4.800000 0.027895 0.849508 1.581528 0.699994 0.428329 2.638070 3.993414 -1.452632 0.198725
4.860000 0.064891 0.822739 1.537176 0.643105 0.436111 2.677233 4.000125 -5.493204 -0.100038
4.920000 0.091799 0.745991 1.477483 0.464567 0.432860 2.709734 4.000287 0.414680 0.195026
4.980000 0.110654 0.636261 1.416124 0.476108 0.438289 2.737574 4.000519 7.995579 0.273984
5.040000 0.123353 0.504991 1.378160 0.672553 0.445021 2.762143 4.000450 1.931518 0.253334
5.100000 0.131225 0.360068 1.361543 0.715464 0.450649 2.784359 4.000236 1.851760 0.039321
5.160000 0.135000 0.208339 1.354399 0.754002 0.451467 2.805171 4.000093 1.525084 -0.214783
5.220000 0.135000 0.055658 1.354899 0.785027 0.447098 2.825514 4.000020 1.069942 -0.580054
5.280000 0.131165 -0.092554 1.361993 0.807296 0.435025 2.846327 4.000018 0.604929 -0.972120
5.340000 0.123034 -0.230686 1.375535 0.820792 0.413337 2.868638 4.000086 0.243823 -1.362973
5.400000 0.109686 -0.352719 1.396366 0.826890 0.379248 2.893649 4.000224 0.101333 -1.560314
5.460000 0.089669 -0.452985 1.426454 0.829845 0.333749 2.922808 4.000904 0.227099 -1.154114
5.520000 0.060998 -0.528274 1.468144 0.837793 0.293359 2.957805 4.475293 0.479431 -0.538340
5.580000 0.020973 -0.608831 1.523019 0.857996 0.270673 2.999946 0.007036 0.246973 1.453645
5.640000 -0.022326 -0.404384 1.577731 0.869791 0.340095 3.047703 0.000010 -0.688338 2.642054
5.700000 -0.050255 -0.215887 1.600000 0.841132 0.450096 3.089337 0.000010 -2.561420 -2.027322
5.760000 -0.066332 -0.029019 1.600000 0.741613 0.371328 3.128186 0.000010 -6.377385 -7.961956
5.820000 -0.072179 0.143673 1.600004 0.500957 0.070887 3.165919 0.000010 2.622766 -1.245390
5.880000 -0.069761 0.247117 1.617299 0.599077 0.024265 3.203333 0.000010 0.000000 0.000000
4.440000 -0.068672 -0.058106 1.599999 0.277895 0.344531 2.400711 0.000010 0.639251 -10.000000
4.500000 -0.063942 0.067420 1.600000 0.301975 -0.032152 2.438379 0.000010 -1.621550 2.101209
4.560000 -0.058854 0.128654 1.600000 0.240990 0.046872 2.475988 0.000010 9.475107 10.000000
4.620000 -0.050692 0.197780 1.600000 0.599811 0.425569 2.513858 0.000010 4.830769 3.936159
4.680000 -0.035585 0.367182 1.600000 0.786719 0.577864 2.552549 0.001016 0.868239 -2.621529
4.740000 -0.010472 0.597689 1.600000 0.822066 0.471138 2.593260 0.060745 -2.736697 -0.907042
4.800000 0.028691 0.854281 1.581205 0.698898 0.430316 2.638266 3.993414 -1.424729 0.102840
4.860000 0.065838 0.826855 1.536637 0.643152 0.434339 2.677394 4.000125 -0.250392 -0.139232
4.920000 0.092837 0.748877 1.491318 0.635062 0.429841 2.709703 4.000287 0.651146 0.030042
4.980000 0.111724 0.636407 1.455578 0.652771 0.430658 2.736899 4.000519 1.231619 -0.059022
5.040000 0.124273 0.501586 1.430582 0.681790 0.429267 2.760462 4.000450 1.521914 -0.172056
5.100000 0.131770 0.353391 1.415085 0.714053 0.425620 2.781661 4.000236 1.569454 -0.367305
5.160000 0.135000 0.198575 1.407514 0.745331 0.418300 2.801590 4.000093 1.431009 -0.540991
5.220000 0.134287 0.042662 1.406808 0.773449 0.407670 2.821239 4.000020 1.166831 -0.704942
5.280000 0.129514 -0.109176 1.412575 0.797198 0.393322 2.841592 4.000018 0.846451 -0.907934
5.340000 0.120093 -0.251434 1.425229 0.815946 0.373212 2.863741 4.000086 0.550959 -1.047548
5.400000 0.104888 -0.377909 1.446033 0.829858 0.346760 2.888992 4.000224 0.356843 -0.946824
5.460000 0.082123 -0.481976 1.476746 0.840554 0.318381 2.918966 4.000904 0.287002 -0.591884
5.520000 0.049424 -0.557596 1.518741 0.851061 0.296712 2.955575 4.475293 0.163327 0.326245
5.580000 0.003488 -0.627088 1.568611 0.858441 0.311452 3.000759 0.007036 -0.408423 2.035521
5.640000 -0.042022 -0.414146 1.600000 0.839027 0.408207 3.048292 0.000010 -1.002393 1.241902
5.700000 -0.071456 -0.216059 1.600000 0.797155 0.460087 3.090065 0.000010 -6.617309 -10.000000
5.760000 -0.088722 -0.034524 1.600000 0.538317 0.068934 3.129181 0.000010 -7.631250 -9.548729
5.820000 -0.097959 0.037984 1.600002 0.249206 -0.292821 3.167065 0.000010 2.467820 6.640472
5.880000 -0.104794 -0.060648 1.600000 0.342533 -0.041686 3.204885 0.000010 -3.922469 3.495369
5.940000 -0.110970 -0.125967 1.600003 0.194900 0.089872 3.242522 0.000010 6.700224 -10.000000
6.000000 -0.117869 -0.145909 1.600000 0.448018 -0.287908 3.280300 0.090003 5.378249 -5.600526
6.060000 -0.130010 -0.278789 1.600002 0.656033 -0.504521 3.318977 -3.952433 6.709682 -4.641542
6.120000 -0.135000 -0.133903 1.597706 0.777492 -0.588542 3.337079 -4.000152 5.526155 3.726222
6.180000 -0.135000 0.008562 1.600000 0.872713 -0.524338 3.354311 -4.000055 -0.657141 6.842438
6.240000 -0.130169 0.143447 1.609446 0.861066 -0.402644 3.372091 -4.000005 0.000000 0.000000
4.740000 -0.010471 0.597698 1.599992 0.822067 0.471140 2.593261 0.060745 -2.650006 -2.083849
4.800000 0.028681 0.853437 1.587473 0.702969 0.377486 2.638204 3.993414 -1.343725 1.395184
4.860000 0.065711 0.822750 1.549449 0.650787 0.431666 2.677037 4.000125 -4.200495 -0.089953
4.920000 0.092464 0.742513 1.495886 0.516230 0.428785 2.709070 4.000287 -10.000000 0.397922
4.980000 0.111030 0.630212 1.422983 0.242558 0.439675 2.736438 4.000519 2.392607 0.390872
5.040000 0.123330 0.498880 1.345934 0.301457 0.449303 2.761071 4.000450 10.000000 0.576746
5.100000 0.130899 0.356425 1.294708 0.532033 0.462601 2.784129 4.000236 9.559850 0.518999
5.160000 0.134667 0.208187 1.275947 0.743123 0.474062 2.806211 4.000093 2.095063 0.185680
5.220000 0.135000 0.059289 1.277038 0.788434 0.478077 2.827839 4.000020 1.341969 -0.215508
5.280000 0.131835 -0.084465 1.286829 0.817868 0.473350 2.849773 4.000018 0.595818 -0.734078
5.340000 0.124782 -0.217108 1.303795 0.831664 0.456352 2.872928 4.000086 0.043803 -1.405027
5.400000 0.113096 -0.332659 1.327752 0.832779 0.420594 2.898378 4.000224 -0.172527 -1.938174
5.460000 0.095638 -0.426152 1.360224 0.827775 0.364379 2.927382 4.000904 0.046667 -1.923013
5.520000 0.070831 -0.496620 1.404388 0.829361 0.299029 2.961365 4.475293 0.539819 -0.871268
5.580000 0.036628 -0.581055 1.461836 0.850747 0.264513 3.000981 0.007036 0.813833 -0.220889
5.640000 -0.003287 -0.378165 1.537805 0.889927 0.253879 3.049124 0.000010 0.048427 3.698480
5.700000 -0.028812 -0.204604 1.588089 0.891946 0.408069 3.090813 0.000010 -9.781564 -5.227750
5.760000 -0.043252 -0.030736 1.600000 0.513585 0.205855 3.129494 0.000010 -5.423738 -10.000000
5.820000 -0.049348 0.087640 1.600000 0.309046 -0.171263 3.167206 0.000010 6.729771 -10.000000
5.880000 -0.052785 0.011266 1.600000 0.561822 -0.546872 3.204767 0.000010 -2.713533 6.774629
5.940000 -0.060476 -0.222978 1.600000 0.459152 -0.290544 3.242603 0.000010 8.273868 -2.881956
6.000000 -0.076243 -0.467303 1.600000 0.780324 -0.402415 3.281421 0.090003 -2.233775 4.100097
6.060000 -0.104088 -0.715559 1.600000 0.687251 -0.231580 3.323087 -3.952433 -0.087340 2.064565
6.120000 -0.120652 -0.595290 1.600000 0.685224 -0.183660 3.346298 -4.000152 1.012017 -3.853711
6.180000 -0.130438 -0.441949 1.597855 0.705060 -0.259196 3.365899 -4.000055 1.334012 -1.967589
6.240000 -0.135000 -0.275365 1.593400 0.728846 -0.294279 3.383729 -4.000005 1.523421 0.173874
6.300000 -0.135000 -0.103888 1.591316 0.755201 -0.291275 3.401029 -4.000025 1.554577 -1.769669
6.360000 -0.130425 0.067053 1.592075 0.782993 -0.322911 3.418907 -4.000115 1.291969 -2.123021
6.420000 -0.120611 0.231207 1.594000 0.808432 -0.364717 3.438597 -4.000275 0.921480 0.782400
6.480000 -0.104126 0.380493 1.600000 0.829677 -0.346680 3.461652 -4.000505 5.994567 -3.928244
6.540000 -0.078627 0.504175 1.616186 1.000000 -0.458296 3.490066 -4.000441 0.000000 0.000000
5.220000 0.135000 0.059286 1.277057 0.788484 0.478078 2.827838 4.000020 1.282605 1.840443
5.280000 0.131836 -0.084348 1.284374 0.816634 0.518471 2.849786 4.000018 0.495724 -0.960850
5.340000 0.124801 -0.216203 1.296348 0.828155 0.496141 2.873026 4.000086 -0.075222 -1.111049
5.400000 0.113211 -0.329738 1.314522 0.826228 0.467683 2.898639 4.000224 -0.340996 -2.235486
5.460000 0.096054 -0.418991 1.340242 0.816261 0.402345 2.927867 4.000904 -0.050856 -3.010862
5.520000 0.071990 -0.483270 1.380166 0.814525 0.299524 2.962017 4.475293 0.744720 -1.406724
5.580000 0.039176 -0.566246 1.438536 0.843893 0.244050 3.001452 0.007036 0.951538 0.978441
5.640000 0.000650 -0.364614 1.514185 0.889914 0.291372 3.049817 0.000010 -0.218602 3.402080
5.700000 -0.023364 -0.183671 1.559862 0.880729 0.434325 3.091836 0.000010 -5.109349 -5.746845
5.760000 -0.036092 -0.001480 1.585427 0.681217 0.209955 3.130880 0.000010 -10.000002 -10.000002
5.820000 -0.040266 0.122315 1.600001 0.304028 -0.167234 3.168599 0.000010 5.438871 -10.000002
5.880000 -0.041651 0.050039 1.595198 0.508264 -0.542749 3.206151 0.000010 10.000002 -1.480353
5.940000 -0.047368 -0.191153 1.600005 0.886390 -0.598726 3.243963 0.000010 -4.774612 3.645532
6.000000 -0.061957 -0.470215 1.595105 0.702095 -0.458009 3.282563 0.090003 -5.495746 0.504151
6.060000 -0.089056 -0.760133 1.525186 0.469404 -0.436666 3.324898 -3.952433 -10.000002 0.842298
6.120000 -0.107872 -0.689870 1.434479 0.192378 -0.413332 3.352600 -4.000152 -5.536689 0.167683
6.180000 -0.120351 -0.587617 1.323116 0.052654 -0.409100 3.377836 -4.000055 3.647782 -0.182724
6.240000 -0.128204 -0.468633 1.212104 0.142307 -0.413589 3.402407 -4.000005 10.000002 -0.761905
6.300000 -0.132743 -0.338644 1.127147 0.390950 -0.432534 3.427271 -4.000025 10.000002 -1.232487
6.360000 -0.134897 -0.200503 1.085277 0.644271 -0.463758 3.452608 -4.000115 4.675524 -1.222684
6.420000 -0.135002 -0.059094 1.081551 0.763527 -0.494935 3.478116 -4.000275 2.846822 -0.774258
6.480000 -0.132811 0.076401 1.101061 0.836424 -0.514757 3.503720 -4.000505 0.965422 0.079138
6.540000 -0.127799 0.197146 1.133918 0.861591 -0.512693 3.529782 -4.000441 -0.152658 1.207243
6.600000 -0.119326 0.297898 1.174191 0.857432 -0.479798 3.557034 -4.000228 -0.523694 2.296674
6.660000 -0.106609 0.377395 1.221181 0.842044 -0.412314 3.586418 -4.000084 -0.233597 2.622864
6.720000 -0.088583 0.439613 1.277544 0.834433 -0.326877 3.618991 -4.000014 0.488963 1.754591
6.780000 -0.063730 0.494167 1.346812 0.852495 -0.262036 3.655922 -4.015435 1.140997 0.931206
6.840000 -0.029945 0.550476 1.435041 0.901049 -0.222443 3.698457 -0.023460 0.877443 -1.220497
6.900000 0.006473 0.367961 1.534013 0.942558 -0.280188 3.745767 -0.000010 -0.456284 -2.319289
6.960000 0.029999 0.195791 1.600004 0.923803 -0.375520 3.786871 0.000010 -2.701370 -5.723273
7.020000 0.043024 0.013346 1.611854 0.820769 -0.593797 3.825008 0.000010 0.000000 0.000000
5.700000 -0.023366 -0.183683 1.559864 0.880728 0.434325 3.091837 0.000010 -5.049082 -5.668371
5.760000 -0.036092 -0.001381 1.585348 0.683586 0.213002 3.130882 0.000010 -10.000001 -10.000001
5.820000 -0.040234 0.123503 1.600000 0.306385 -0.164199 3.168602 0.000010 5.285925 -10.000001
5.880000 -0.041523 0.053157 1.595441 0.504853 -0.539664 3.206148 0.000010 10.000001 -1.596266
5.940000 -0.047087 -0.187189 1.600000 0.882845 -0.600001 3.243948 0.000010 -4.641573 3.661930
6.000000 -0.061482 -0.466099 1.595093 0.703803 -0.458748 3.282521 0.090003 -6.279679 0.515088
6.060000 -0.088328 -0.755983 1.522415 0.438240 -0.436965 3.324810 -3.952433 -10.000001 0.845329
6.120000 -0.107073 -0.686934 1.426741 0.159368 -0.413391 3.352698 -4.000152 -4.140190 0.140827
6.180000 -0.119539 -0.586243 1.311930 0.053597 -0.409794 3.378243 -4.000055 3.691693 -0.244491
6.240000 -0.127459 -0.468798 1.199563 0.145750 -0.415896 3.403206 -4.000005 10.000001 -0.836933
6.300000 -0.132158 -0.340126 1.114439 0.398751 -0.437070 3.428506 -4.000025 10.000001 -1.311095
6.360000 -0.134571 -0.203059 1.074431 0.656115 -0.470812 3.454242 -4.000115 4.593329 -1.287637
6.420000 -0.135001 -0.062916 1.073535 0.774498 -0.503998 3.480015 -4.000275 2.616888 -0.763517
6.480000 -0.133159 0.070744 1.095055 0.841770 -0.523626 3.505722 -4.000505 0.780094 0.175804
6.540000 -0.128520 0.189530 1.128638 0.862071 -0.519051 3.531746 -4.000441 -0.247725 1.341865
6.600000 -0.120477 0.288980 1.168840 0.855360 -0.482698 3.558837 -4.000228 -0.547085 2.405618
6.660000 -0.108285 0.368396 1.215434 0.839440 -0.412695 3.587936 -4.000084 -0.197434 2.786763
6.720000 -0.090911 0.432060 1.271611 0.833092 -0.323092 3.620089 -4.000014 0.621797 2.073534
6.780000 -0.066809 0.490431 1.342292 0.855705 -0.247687 3.656454 -4.015435 1.283338 0.600423
6.840000 -0.033725 0.553693 1.432607 0.909424 -0.222556 3.698313 -0.023460 1.058200 -0.384903
6.900000 0.002908 0.376803 1.540569 0.959522 -0.240778 3.745655 -0.000010 -0.860387 -6.412519
6.960000 0.026975 0.209529 1.600000 0.924189 -0.504105 3.786720 0.000010 -10.000001 4.517303
7.020000 0.040502 0.022665 1.600000 0.540335 -0.330711 3.825105 0.000010 -1.867957 10.000001
7.080000 0.044859 -0.143510 1.600001 0.469896 0.046379 3.862814 0.000010 -5.636524 8.225340
7.140000 0.043800 -0.158703 1.600025 0.258938 0.354239 3.900240 0.000010 1.606196 -10.000001
7.200000 0.042556 -0.022426 1.600001 0.319287 -0.021498 3.937815 0.000010 -2.598476 -0.923875
7.260000 0.041792 0.033909 1.600031 0.221925 -0.056121 3.975282 0.000010 2.378406 1.386931
7.320000 0.041811 0.023760 1.600001 0.311194 -0.004066 4.012816 0.000010 -2.521901 -0.100586
7.380000 0.042349 0.010771 1.600003 0.216700 -0.007832 4.050284 0.000010 2.490804 0.577076
7.440000 0.042870 0.004722 1.600008 0.310190 0.013827 4.087819 0.000010 0.534848 -8.004456
7.500000 0.042545 -0.023024 1.600078 0.330225 -0.285976 4.125271 0.000010 0.000000 0.000000
6.000000 -0.061481 -0.466088 1.595090 0.703802 -0.458747 3.282521 0.090003 -6.271076 0.523260
6.060000 -0.088327 -0.755965 1.522488 0.438609 -0.436619 3.324809 -3.952433 -10.000001 0.825475
6.120000 -0.107072 -0.686905 1.426884 0.159756 -0.413600 3.352695 -4.000152 -4.155526 0.135691
6.180000 -0.119537 -0.586202 1.312081 0.053611 -0.410134 3.378238 -4.000055 3.573411 -0.253765
6.240000 -0.127454 -0.468755 1.199471 0.142808 -0.416469 3.403199 -4.000005 10.000001 -0.847480
6.300000 -0.132150 -0.340117 1.113827 0.395895 -0.437917 3.428508 -4.000025 10.000001 -1.317045
6.360000 -0.134563 -0.203117 1.073292 0.653486 -0.471843 3.454267 -4.000115 4.691904 -1.293035
6.420000 -0.135001 -0.063069 1.072146 0.774563 -0.505211 3.480072 -4.000275 2.617168 -0.771232
6.480000 -0.133176 0.070456 1.093666 0.841921 -0.525060 3.505809 -4.000505 0.774418 0.176642
6.540000 -0.128563 0.189054 1.127251 0.862092 -0.520459 3.531856 -4.000441 -0.253448 1.346548
6.600000 -0.120558 0.288295 1.167431 0.855222 -0.483963 3.558959 -4.000228 -0.550410 2.426293
6.660000 -0.108421 0.367528 1.214008 0.839206 -0.413363 3.588057 -4.000084 -0.194410 2.820653
6.720000 -0.091122 0.431136 1.270262 0.832960 -0.322728 3.620190 -4.000014 0.638960 2.115396
6.780000 -0.067116 0.489804 1.341247 0.856167 -0.245894 3.656511 -4.015435 1.304306 0.569207
6.840000 -0.034130 0.553893 1.431998 0.910677 -0.222106 3.698303 -0.023460 1.116414 -0.171579
6.900000 0.002529 0.378453 1.542075 0.963532 -0.230229 3.745647 -0.000010 -0.663733 -7.732032
6.960000 0.026708 0.212677 1.600000 0.936284 -0.547648 3.786699 0.000010 -10.000001 6.039973
7.020000 0.040348 0.025154 1.600000 0.552058 -0.315576 3.825122 0.000010 -3.229241 10.000001
7.080000 0.044896 -0.138319 1.600000 0.430336 0.061358 3.862815 0.000010 -3.609313 7.798582
7.140000 0.044267 -0.145974 1.600000 0.295178 0.353393 3.900262 0.000010 -0.304712 -10.000001
7.200000 0.043623 -0.007285 1.600000 0.283738 -0.022040 3.937806 0.000010 -0.476183 -2.074953
7.260000 0.043475 0.044093 1.600001 0.265886 -0.099830 3.975296 0.000010 0.085939 2.666594
7.320000 0.043603 0.017074 1.600001 0.269109 0.000184 4.012802 0.000010 -0.173245 -1.452559
7.380000 0.043765 -0.007091 1.600000 0.262613 -0.054280 4.050297 0.000010 0.628402 5.211236
7.440000 0.043398 -0.017164 1.600000 0.286177 0.141127 4.087794 0.000010 -0.692323 -6.269270
7.500000 0.043896 0.016843 1.600001 0.260217 -0.093947 4.125291 0.000010 0.533392 1.893439
7.560000 0.043852 0.000473 1.600001 0.280227 -0.022915 4.162805 0.000010 -0.791722 2.122599
7.620000 0.043519 -0.013466 1.600003 0.250547 0.056657 4.200293 0.000010 0.765136 -1.675632
7.680000 0.043521 0.001244 1.600001 0.279248 -0.006201 4.237805 0.000010 -0.818744 -0.171725
7.740000 0.043595 0.006178 1.600001 0.248553 -0.012640 4.275294 0.000033 0.815698 -0.067946
7.800000 0.043616 0.000319 1.600003 0.279150 -0.015189 4.312805 0.050118 0.000000 0.000000
6.480000 -0.133176 0.070455 1.093666 0.841921 -0.525060 3.505809 -4.000505 0.716485 -1.417291
6.540000 -0.128569 0.188804 1.124440 0.860598 -0.562005 3.531877 -4.000441 -0.370303 1.346461
6.600000 -0.120621 0.286403 1.158790 0.850519 -0.525354 3.559097 -4.000228 -0.736241 1.977392
6.660000 -0.108708 0.361501 1.197907 0.828945 -0.467413 3.588399 -4.000084 -0.516140 2.842822
6.720000 -0.092045 0.416393 1.244245 0.812242 -0.375415 3.620760 -4.000014 0.263237 2.548639
6.780000 -0.069538 0.460887 1.303769 0.821820 -0.282687 3.657143 -4.015435 1.170253 1.213566
6.840000 -0.039554 0.510376 1.382558 0.870207 -0.232509 3.698491 -0.023460 1.402414 0.178168
6.900000 -0.006608 0.324566 1.487140 0.937230 -0.223994 3.746283 -0.000010 0.360322 -2.948401
6.960000 0.013994 0.165730 1.569594 0.952180 -0.346321 3.787772 0.000010 -4.255900 -3.694929
7.020000 0.024516 -0.007124 1.600000 0.788993 -0.487998 3.826116 0.000010 -8.396943 10.000001
7.080000 0.025677 -0.190307 1.600000 0.473672 -0.112480 3.863667 0.000010 -4.851022 10.000001
7.140000 0.019607 -0.284396 1.600000 0.290927 0.264234 3.901339 0.000010 0.398956 -5.236759
7.200000 0.010973 -0.204733 1.600002 0.306058 0.065590 3.939271 0.000010 -2.301178 -2.107954
7.260000 0.001833 -0.128857 1.600000 0.218847 -0.014299 3.977169 0.000010 2.518142 0.010019
7.320000 -0.006573 -0.109532 1.600002 0.314288 -0.013919 4.015071 0.000010 -2.224419 -2.726696
7.380000 -0.014591 -0.127168 1.600001 0.230214 -0.116975 4.052866 0.000010 2.143915 5.718652
7.440000 -0.023571 -0.165737 1.600000 0.311569 0.100031 4.090813 0.000010 -2.266991 -2.860918
7.500000 -0.032240 -0.148604 1.600001 0.225729 -0.008298 4.128678 0.000010 2.130253 1.731975
7.560000 -0.040729 -0.131552 1.600002 0.306463 0.057342 4.166578 0.000010 -1.835808 -0.154112
7.620000 -0.048069 -0.101095 1.600000 0.237151 0.051523 4.204333 0.000010 2.230775 -5.921677
7.680000 -0.054518 -0.090971 1.600004 0.321317 -0.171899 4.242063 0.000010 8.838917 -9.904908
7.740000 -0.063635 -0.193361 1.600000 0.656541 -0.547551 4.279988 0.000033 -0.558810 4.416895
7.800000 -0.079924 -0.403198 1.600003 0.634798 -0.375696 4.318897 0.050118 3.347945 -0.753844
7.860000 -0.106910 -0.649977 1.600003 0.773117 -0.406841 4.360211 -4.001399 -2.224074 5.605231
7.920000 -0.122271 -0.538067 1.600002 0.723297 -0.281283 4.382611 -4.000260 -1.054252 1.372084
7.980000 -0.131204 -0.401054 1.600001 0.702990 -0.254854 4.401873 -4.000491 -0.056384 2.333593
8.040000 -0.135001 -0.248073 1.599905 0.701994 -0.213653 4.419528 -4.000434 0.779639 -1.554203
8.100000 -0.134204 -0.085947 1.600000 0.715463 -0.240504 4.436805 -4.000224 1.092600 -4.362480
8.160000 -0.128727 0.077937 1.596850 0.735215 -0.319368 4.454882 -4.000812 1.520560 6.394012
8.220000 -0.117818 0.236807 1.600001 0.765897 -0.190348 4.475060 -0.148619 6.018618 -7.759456
8.280000 -0.097139 0.099385 1.619591 1.000001 -0.492168 4.513957 -0.000567 0.000000 0.000000
6.960000 0.013994 0.165729 1.569594 0.952180 -0.346321 3.787772 0.000010 -4.283540 -3.668100
7.020000 0.024517 -0.007108 1.600000 0.787933 -0.486969 3.826116 0.000010 -8.398775 10.000001
7.080000 0.025681 -0.190180 1.600000 0.472544 -0.111451 3.863667 0.000010 -4.810409 10.000001
7.140000 0.019629 -0.283743 1.600000 0.291335 0.265251 3.901338 0.000010 0.429388 -4.730842
7.200000 0.011102 -0.201163 1.600000 0.307619 0.085840 3.939261 0.000010 -2.388788 -2.801728
7.260000 0.002360 -0.117808 1.600000 0.217179 -0.020234 3.977121 0.000010 2.651226 0.046849
7.320000 -0.005537 -0.097829 1.600000 0.317557 -0.018460 4.014982 0.000010 -2.313376 -2.875301
7.380000 -0.013040 -0.118889 1.600000 0.230224 -0.127006 4.052733 0.000010 2.174875 5.934703
7.440000 -0.021647 -0.162650 1.600000 0.312685 0.098011 4.090649 0.000010 -2.303578 -2.348883
7.500000 -0.030036 -0.146238 1.600001 0.225517 0.009128 4.128489 0.000010 2.214688 1.538513
7.560000 -0.038076 -0.121703 1.600000 0.309369 0.067379 4.166351 0.000010 -2.004447 -0.897100
7.620000 -0.044781 -0.086410 1.600001 0.233783 0.033550 4.204060 0.000010 2.982067 -6.679557
7.680000 -0.050792 -0.086107 1.600001 0.346204 -0.218263 4.241759 0.000010 9.843471 -9.781778
7.740000 -0.060064 -0.206950 1.600000 0.719768 -0.589485 4.279709 0.000033 -2.152899 5.699712
7.800000 -0.076956 -0.425811 1.600001 0.635798 -0.367178 4.318712 0.050118 2.907024 0.070904
7.860000 -0.104924 -0.674258 1.600001 0.756657 -0.364230 4.360287 -4.001399 -1.809345 4.123654
7.920000 -0.121105 -0.561791 1.600000 0.715348 -0.270083 4.383118 -4.000260 -0.641930 1.634076
7.980000 -0.130672 -0.422692 1.600000 0.702829 -0.238216 4.402620 -4.000491 0.300604 0.639473
8.040000 -0.135001 -0.266860 1.599894 0.708162 -0.226872 4.420360 -4.000434 0.988564 -1.024417
8.100000 -0.134722 -0.102175 1.600001 0.725198 -0.244525 4.437593 -4.000224 1.282808 -3.397002
8.160000 -0.129809 0.064393 1.598839 0.748144 -0.305288 4.455481 -4.000812 1.407538 1.398427
8.220000 -0.119583 0.225878 1.600001 0.776031 -0.277585 4.475294 -0.148619 0.750871 -4.215651
8.280000 -0.100014 0.082864 1.600000 0.805213 -0.441457 4.514166 -0.000567 -8.470986 10.000001
8.340000 -0.090470 -0.067070 1.600001 0.482928 -0.061022 4.552210 0.000010 -6.039890 6.446459
8.400000 -0.088328 -0.133428 1.600098 0.256428 0.180751 4.589709 0.000010 1.506453 -2.677667
8.460000 -0.089094 -0.069053 1.600002 0.312984 0.080227 4.627254 0.000010 -2.703985 -2.329445
8.520000 -0.090196 0.000875 1.600061 0.211661 -0.007071 4.664723 0.000010 2.895680 0.154440
8.580000 -0.090522 0.024154 1.600008 0.320358 -0.001276 4.702262 0.000010 -2.908374 -1.442894
8.640000 -0.090104 0.020286 1.600010 0.211401 -0.055326 4.739723 0.000010 2.907650 3.145565
8.700000 -0.089735 0.004183 1.600010 0.320543 0.062750 4.777261 0.000010 0.176808 -10.000001
8.760000 -0.089770 -0.015568 1.600110 0.327157 -0.311618 4.814697 0.000010 0.000000 0.000000
7.260000 0.002360 -0.117813 1.599996 0.217179 -0.020234 3.977121 0.000010 2.655436 0.128374
7.320000 -0.005527 -0.097471 1.600000 0.317714 -0.015374 4.014981 0.000010 -2.338290 -2.935798
7.380000 -0.012974 -0.117217 1.600000 0.229451 -0.126191 4.052728 0.000010 2.185926 5.697543
7.440000 -0.021508 -0.161088 1.600000 0.312320 0.089804 4.090638 0.000010 -2.324123 -2.160326
7.500000 -0.029912 -0.147771 1.600000 0.224375 0.008058 4.128479 0.000010 2.347165 1.932785
7.560000 -0.037999 -0.123425 1.600000 0.313253 0.081244 4.166344 0.000010 -2.128733 -1.282982
7.620000 -0.044622 -0.083243 1.600000 0.232993 0.032871 4.204048 0.000010 3.233584 -7.085752
7.680000 -0.050512 -0.082543 1.600000 0.354869 -0.234197 4.241739 0.000010 10.000000 -9.630574
7.740000 -0.059765 -0.208112 1.600000 0.734385 -0.599692 4.279690 0.000033 -2.842068 6.291435
7.800000 -0.076711 -0.429612 1.600000 0.623515 -0.354262 4.318700 0.050118 3.146907 -0.017609
7.860000 -0.104759 -0.677363 1.600000 0.754422 -0.354994 4.360299 -4.001399 -1.691692 3.623617
7.920000 -0.121006 -0.563906 1.600000 0.715740 -0.272137 4.383165 -4.000260 -0.559329 1.804132
7.980000 -0.130626 -0.424036 1.600000 0.704820 -0.236915 4.402688 -4.000491 0.355576 0.245241
8.040000 -0.135000 -0.267578 1.599969 0.711130 -0.232562 4.420435 -4.000434 0.991081 -0.994284
8.100000 -0.134765 -0.102561 1.600000 0.728206 -0.249693 4.437664 -4.000224 1.320338 -2.029772
8.160000 -0.129900 0.064270 1.600000 0.751798 -0.285961 4.455532 -4.000812 1.343929 -2.188342
8.220000 -0.119721 0.226148 1.600000 0.778371 -0.329233 4.475305 -0.148619 0.936786 -1.939811
8.280000 -0.100259 0.081031 1.600000 0.814801 -0.404668 4.514193 -0.000567 -9.897371 9.037502
8.340000 -0.090774 -0.067930 1.600000 0.438688 -0.061232 4.552194 0.000010 -3.719171 7.336358
8.400000 -0.088528 -0.128624 1.600000 0.299114 0.214088 4.589722 0.000010 -0.702360 -3.882637
8.460000 -0.088758 -0.051741 1.600000 0.272763 0.068421 4.627240 0.000010 -0.503791 -2.921830
8.520000 -0.089217 0.015409 1.600001 0.253875 -0.041122 4.664731 0.000010 0.667038 0.885199
8.580000 -0.089236 0.023297 1.600000 0.278896 -0.007918 4.702241 0.000010 -0.523449 -2.292451
8.640000 -0.088996 0.006031 1.600000 0.259273 -0.093857 4.739730 0.000010 0.970944 6.741065
8.700000 -0.089336 -0.016260 1.600001 0.295682 0.158930 4.777229 0.000010 -1.007840 -7.160153
8.760000 -0.088756 0.015090 1.600000 0.257895 -0.109530 4.814723 0.000010 0.732862 2.674523
8.820000 -0.088912 -0.004290 1.600000 0.285391 -0.009181 4.852243 0.000010 -1.002654 2.066432
8.880000 -0.089286 -0.013594 1.600002 0.247807 0.068278 4.889727 0.000010 0.935941 -2.532730
8.940000 -0.089200 0.005336 1.600004 0.282918 -0.026738 4.927242 0.000010 -0.995505 0.615039
9.000000 -0.089141 0.005682 1.600000 0.245599 -0.003683 4.964729 0.000010 0.992726 -0.770260
9.060000 -0.089144 -0.001840 1.600002 0.282838 -0.032578 5.002242 0.000010 0.000000 0.000000
7.560000 -0.037999 -0.123426 1.599997 0.313253 0.081244 4.166345 0.000010 -2.129568 -1.290389
7.620000 -0.044623 -0.083276 1.600000 0.232961 0.032592 4.204048 0.000010 3.230598 -7.066849
7.680000 -0.050517 -0.082639 1.600000 0.354726 -0.233766 4.241739 0.000010 10.000000 -9.643333
7.740000 -0.059772 -0.208133 1.600000 0.734241 -0.599745 4.279691 0.000033 -2.851541 6.308018
7.800000 -0.076718 -0.429576 1.600000 0.623001 -0.353666 4.318701 0.050118 3.164922 -0.044578
7.860000 -0.104764 -0.677237 1.600000 0.754655 -0.355521 4.360299 -4.001399 -1.693205 3.637528
7.920000 -0.121009 -0.563764 1.600000 0.715941 -0.272349 4.383164 -4.000260 -0.562643 1.792728
7.980000 -0.130627 -0.423904 1.600000 0.704957 -0.237351 4.402686 -4.000491 0.353088 0.303413
8.040000 -0.135000 -0.267468 1.600000 0.711223 -0.231967 4.420433 -4.000434 0.986636 -1.118004
8.100000 -0.134764 -0.102466 1.600000 0.728221 -0.251229 4.437662 -4.000224 1.296885 -2.235300
8.160000 -0.129898 0.064266 1.599676 0.751397 -0.291173 4.455532 -4.000812 1.345749 -1.303895
8.220000 -0.119721 0.225975 1.600000 0.778011 -0.316959 4.475308 -0.148619 0.948245 -2.554270
8.280000 -0.100254 0.081118 1.600000 0.814878 -0.416268 4.514188 -0.000567 -8.873796 8.641884
8.340000 -0.090809 -0.069583 1.600000 0.477600 -0.087805 4.552196 0.000010 -5.380354 8.677348
8.400000 -0.088797 -0.136912 1.600001 0.275811 0.237636 4.589700 0.000010 0.760579 -4.234985
8.460000 -0.089139 -0.054768 1.600000 0.304363 0.078645 4.627243 0.000010 -2.176240 -3.447513
8.520000 -0.089598 0.018519 1.600000 0.222821 -0.050526 4.664711 0.000010 2.358031 1.258299
8.580000 -0.089587 0.025925 1.600000 0.311324 -0.003298 4.702244 0.000010 -2.168612 -2.781346
8.640000 -0.089260 0.007681 1.600000 0.230076 -0.107500 4.739709 0.000010 2.525045 7.074819
8.700000 -0.089658 -0.019567 1.600000 0.324820 0.157965 4.777231 0.000010 -2.621811 -6.650016
8.760000 -0.089202 0.011266 1.600000 0.226567 -0.091240 4.814706 0.000010 2.276518 2.321101
8.820000 -0.089314 -0.001145 1.600000 0.312021 -0.004110 4.852244 0.000010 -2.490957 1.367774
8.880000 -0.089526 -0.007817 1.600000 0.218694 0.047134 4.889709 0.000010 2.450022 -2.099862
8.940000 -0.089431 0.003731 1.600000 0.310649 -0.031681 4.927243 0.000010 -2.467130 1.283297
9.000000 -0.089470 0.000939 1.600000 0.218210 0.016402 4.964710 0.000010 2.431314 -0.765525
9.060000 -0.089381 0.002085 1.600000 0.309462 -0.012331 5.002243 0.000010 -2.428165 0.248225
9.120000 -0.089389 -0.001278 1.600000 0.218481 -0.003030 5.039711 0.000010 2.411249 0.431199
9.180000 -0.089460 -0.002675 1.600000 0.308979 0.013154 5.077243 0.000010 -2.405552 -0.473467
9.240000 -0.089444 0.001106 1.600000 0.218845 -0.004586 5.114711 0.000010 2.388033 0.056551
9.300000 -0.089430 0.001205 1.600000 0.308471 -0.002464 5.152243 0.000010 -2.381821 0.015015
9.360000 -0.089431 -0.000335 1.600000 0.219226 -0.001902 5.189711 0.000010 0.000000 0.000000
7.860000 -0.104764 -0.677231 1.599998 0.754655 -0.355520 4.360299 -4.001399 -1.692649 3.637596
7.920000 -0.121008 -0.563757 1.600000 0.715953 -0.272347 4.383164 -4.000260 -0.562729 1.790514
7.980000 -0.130627 -0.423898 1.600000 0.704967 -0.237392 4.402686 -4.000491 0.352861 0.306059
8.040000 -0.135000 -0.267463 1.600000 0.711229 -0.231960 4.420433 -4.000434 0.986415 -1.120026
8.100000 -0.134763 -0.102463 1.600000 0.728224 -0.251257 4.437662 -4.000224 1.315111 -1.859246
8.160000 -0.129897 0.064317 1.600000 0.751724 -0.284480 4.455531 -4.000812 1.342279 -2.327319
8.220000 -0.119715 0.226169 1.600000 0.778265 -0.330499 4.475304 -0.148619 0.935882 -1.864650
8.280000 -0.100251 0.080995 1.600000 0.814661 -0.403014 4.514194 -0.000567 -9.452211 8.522801
8.340000 -0.090785 -0.068750 1.600000 0.455482 -0.079152 4.552193 0.000010 -4.367005 8.738933
8.400000 -0.088620 -0.131314 1.600000 0.291646 0.248704 4.589710 0.000010 -0.168024 -5.084823
8.460000 -0.088643 -0.045370 1.600000 0.285340 0.057870 4.627240 0.000010 -1.111323 -3.119699
8.520000 -0.088898 0.020927 1.600000 0.243687 -0.059059 4.664721 0.000010 1.240072 1.846719
8.580000 -0.088826 0.023129 1.600001 0.290213 0.010227 4.702239 0.000010 -0.942707 -3.527440
8.640000 -0.088468 0.006377 1.600000 0.254881 -0.121976 4.739718 0.000010 1.257668 7.523931
8.700000 -0.089017 -0.023966 1.600000 0.302054 0.160232 4.777226 0.000010 -1.398755 -6.618556
8.760000 -0.088770 0.006253 1.600000 0.249614 -0.087902 4.814717 0.000010 1.012130 2.568680
8.820000 -0.089056 -0.003374 1.600000 0.287590 0.008477 4.852237 0.000010 -1.145137 1.122403
8.880000 -0.089250 -0.004065 1.600000 0.244666 0.050549 4.889721 0.000010 1.094958 -2.539683
8.940000 -0.088996 0.009563 1.600000 0.285743 -0.044728 4.927236 0.000010 -1.121008 1.510490
9.000000 -0.088934 0.002019 1.600000 0.243721 0.011895 4.964722 0.000010 1.071567 -0.463325
9.060000 -0.088830 -0.000069 1.600000 0.283920 -0.005486 5.002237 0.000010 -1.070366 0.067638
9.120000 -0.088832 -0.001977 1.600000 0.243797 -0.002951 5.039723 0.000010 1.064283 0.368421
9.180000 -0.088910 -0.002531 1.600000 0.283723 0.010870 5.077237 0.000010 -1.061108 -0.405619
9.240000 -0.088918 0.000695 1.600000 0.243946 -0.004335 5.114723 0.000010 1.053734 0.115218
9.300000 -0.088923 0.000825 1.600000 0.283476 -0.000013 5.152237 0.000010 -1.050265 -0.013842
9.360000 -0.088912 0.000364 1.600000 0.244106 -0.000531 5.189723 0.000010 1.044532 -0.002903
9.420000 -0.088904 -0.000078 1.600000 0.283290 -0.000640 5.227237 0.000010 -1.040342 0.059887
9.480000 -0.088907 -0.000278 1.600000 0.244292 0.001605 5.264723 0.000010 1.034653 -0.062498
9.540000 -0.088902 0.000140 1.600000 0.283106 -0.000740 5.302237 0.000010 -1.030554 0.008205
9.600000 -0.088901 0.000064 1.600000 0.244474 -0.000432 5.339723 0.000010 1.024932 0.035660
9.660000 -0.088903 -0.000074 1.600000 0.282923 0.000905 5.377237 0.000571 0.000000 0.000000
8.340000 -0.090785 -0.068750 1.599999 0.455482 -0.079152 4.552193 0.000010 -4.306681 9.873968
8.400000 -0.088494 -0.126504 1.600000 0.293937 0.291224 4.589704 0.000010 -0.042475 -5.919244
8.460000 -0.087801 -0.023161 1.600001 0.292342 0.069001 4.627246 0.000010 -1.368125 -4.220921
8.520000 -0.086871 0.051086 1.600000 0.241068 -0.089192 4.664724 0.000010 1.484515 2.703817
8.580000 -0.085605 0.044787 1.600001 0.296785 0.012289 4.702257 0.000010 -1.311876 -3.506559
8.640000 -0.084044 0.023929 1.600000 0.247608 -0.119157 4.739743 0.000010 1.687470 7.609887
8.700000 -0.083416 -0.005591 1.600000 0.310910 0.166313 4.777256 0.000010 -1.840032 -6.792774
8.760000 -0.081958 0.027307 1.600000 0.241915 -0.088392 4.814752 0.000010 1.424984 2.564196
8.820000 -0.080995 0.018610 1.600000 0.295396 0.007844 4.852283 0.000010 -1.604036 0.829079
8.880000 -0.079949 0.016467 1.600000 0.235271 0.038921 4.889766 0.000010 1.583083 -2.244196
8.940000 -0.078601 0.025346 1.600000 0.294684 -0.045303 4.927296 0.000010 -1.594650 1.784731
9.000000 -0.077530 0.016681 1.600000 0.234908 0.021599 4.964782 0.000010 1.552096 -0.489037
9.060000 -0.076343 0.019009 1.600000 0.293156 0.003246 5.002311 0.000010 -1.562804 0.112415
9.120000 -0.075066 0.023434 1.600000 0.234570 0.007460 5.039798 0.000010 1.571534 -0.903629
9.180000 -0.073704 0.024469 1.600001 0.293550 -0.026454 5.077329 0.000010 -1.492842 -0.193201
9.240000 -0.072690 0.011651 1.600000 0.237591 -0.033696 5.114814 0.000010 1.438151 1.810886
9.300000 -0.072206 -0.001924 1.600000 0.291551 0.034250 5.152334 0.000010 -0.986317 1.797113
9.360000 -0.071401 0.016596 1.600000 0.254579 0.101613 5.189819 0.000010 1.011766 -1.918721
9.420000 -0.069110 0.064432 1.600000 0.292568 0.029571 5.227366 0.000010 -0.981584 -4.473646
9.480000 -0.065798 0.078530 1.600001 0.255725 -0.138343 5.264900 0.000010 10.000000 -9.439400
9.540000 -0.064522 -0.011409 1.600000 0.631030 -0.492608 5.302431 0.000010 -1.403028 3.083009
9.600000 -0.069529 -0.205609 1.600001 0.578210 -0.376542 5.340078 0.000010 5.849739 -1.334733
9.660000 -0.083259 -0.430382 1.600001 0.803568 -0.427962 5.378602 0.000571 -2.252248 3.532297
9.720000 -0.108276 -0.662113 1.600000 0.711969 -0.284304 5.419272 -3.851522 -0.565732 3.301011
9.780000 -0.123207 -0.548364 1.600000 0.699110 -0.209276 5.442000 -3.999132 0.556733 -1.664209
9.840000 -0.131625 -0.396813 1.600000 0.709732 -0.241026 5.461079 -4.000082 1.130020 -0.532855
9.900000 -0.135000 -0.232007 1.599321 0.729615 -0.250402 5.478675 -4.000218 1.459975 -1.707492
9.960000 -0.133822 -0.061784 1.599718 0.754904 -0.279976 5.495996 -4.000425 1.411205 -3.817657
10.020000 -0.127925 0.107219 1.599347 0.780593 -0.349478 5.514200 -4.000546 1.160202 0.014366
10.080000 -0.116472 0.267581 1.600000 0.804279 -0.349203 5.534616 -4.000307 5.902375 3.750389
10.140000 -0.097787 0.412300 1.618704 0.947349 -0.258366 5.558843 -4.000139 0.000000 0.000000
8.640000 -0.084045 0.023921 1.599981 0.247608 -0.119161 4.739744 0.000010 2.705117 10.000000
8.700000 -0.083150 0.003969 1.600000 0.349058 0.255870 4.777247 0.000010 1.318517 -0.382660
8.760000 -0.079445 0.099831 1.600000 0.398633 0.241482 4.814847 0.000010 -5.075346 -10.000000
8.820000 -0.071646 0.211806 1.600000 0.206908 -0.136278 4.852623 0.000010 4.044580 0.950263
8.880000 -0.062539 0.194533 1.600001 0.360594 -0.100168 4.890621 0.000010 -5.076318 3.137015
8.940000 -0.053524 0.138405 1.600000 0.168442 0.018576 4.928473 0.000010 5.085852 0.021920
9.000000 -0.044864 0.123658 1.600000 0.361498 0.019409 4.966433 0.000010 -5.138040 -0.701754
9.060000 -0.036596 0.129374 1.600000 0.167362 -0.007105 5.004217 0.000010 5.572662 3.298864
9.120000 -0.028218 0.144771 1.600001 0.378735 0.118022 5.042148 0.000010 -5.656104 -5.214993
9.180000 -0.018481 0.182000 1.600000 0.164270 -0.079717 5.080065 0.000010 5.480253 1.086397
9.240000 -0.008846 0.165679 1.600000 0.372857 -0.038367 5.118127 0.000010 -4.907871 -2.359606
9.300000 -0.000092 0.125104 1.600001 0.187254 -0.127602 5.155944 0.000010 5.299343 1.985033
9.360000 0.006219 0.060230 1.600000 0.387518 -0.052586 5.193734 0.000010 -6.134093 2.711900
9.420000 0.010298 0.022715 1.600000 0.157434 0.049134 5.231243 0.000010 10.000000 -10.000000
9.480000 0.012434 -0.003384 1.600000 0.533266 -0.326698 5.268827 0.000010 4.469774 -7.109112
9.540000 0.009270 -0.137774 1.598827 0.701060 -0.593572 5.306366 0.000010 4.677453 2.151917
9.600000 -0.001887 -0.348450 1.600000 0.879972 -0.511262 5.344616 0.000010 -3.444851 2.427003
9.660000 -0.023438 -0.585292 1.600000 0.742759 -0.414591 5.384447 0.000571 -2.068489 0.165527
9.720000 -0.058766 -0.834544 1.564367 0.651745 -0.407308 5.428448 -3.851522 -0.753378 -0.075585
9.780000 -0.088260 -0.779015 1.519771 0.626342 -0.409857 5.462167 -3.999132 0.267752 -0.000183
9.840000 -0.108838 -0.673281 1.481305 0.633776 -0.409862 5.489933 -4.000082 1.001293 -0.015883
9.900000 -0.122597 -0.541917 1.452424 0.657642 -0.410240 5.513769 -4.000218 1.457755 0.086171
9.960000 -0.131009 -0.394850 1.432773 0.688646 -0.408408 5.535037 -4.000425 1.668003 0.231574
10.020000 -0.135000 -0.239314 1.421206 0.721739 -0.403813 5.554876 -4.000546 1.665199 0.398768
10.080000 -0.135000 -0.081064 1.416841 0.754070 -0.396071 5.574292 -4.000307 1.496010 0.767073
10.140000 -0.130982 0.074688 1.419623 0.783942 -0.380754 5.594260 -4.000139 1.219035 0.948431
10.200000 -0.122443 0.222646 1.430340 0.810237 -0.360296 5.615830 -4.000040 0.909816 1.114175
10.260000 -0.108324 0.356916 1.450584 0.832458 -0.333084 5.640254 -4.000011 0.673805 1.163704
10.320000 -0.086877 0.471229 1.483023 0.851887 -0.299528 5.669089 -4.000053 0.585966 0.864449
10.380000 -0.055555 0.560233 1.530837 0.872488 -0.269138 5.704245 -4.000167 2.931203 0.770026
10.440000 -0.011115 0.621672 1.608952 1.000000 -0.235640 5.747747 -4.003870 0.000000 0.000000
