0.000000 0.000000 0.000000 1.000000 0.000000 0.000000 0.000000
0.060000 0.000424 0.012692 1.025758 0.602489 0.057960 0.060249
0.120000 0.002489 0.045563 1.197054 1.000000 0.019261 0.114720
0.180000 0.005621 0.062385 1.383330 1.000000 0.009742 0.161253
0.240000 0.009140 0.061911 1.524743 0.863378 -0.058531 0.202500
0.300000 0.012523 0.056207 1.599998 0.480404 0.139209 0.240798
0.360000 0.017690 0.110916 1.599999 0.105269 0.100352 0.278311
0.420000 0.024340 0.140201 1.598678 0.483674 -0.278053 0.316152
0.480000 0.028541 0.037868 1.599994 0.252578 -0.212300 0.353699
0.540000 0.029172 -0.066543 1.599987 0.336280 0.163150 0.391244
0.600000 0.029208 -0.031062 1.599960 0.257552 0.156200 0.428726
0.660000 0.029824 0.028015 1.600001 0.319102 -0.218760 0.466222
0.720000 0.029078 -0.015286 1.599997 0.252784 0.034281 0.503732
0.780000 0.027592 -0.050067 1.599997 0.315088 -0.160661 0.541245
0.840000 0.022340 -0.154283 1.599092 0.688959 -0.537316 0.578910
0.900000 0.009641 -0.351321 1.599995 0.843694 -0.572697 0.617296
0.960000 -0.013247 -0.588567 1.600000 0.773695 -0.411883 0.657467
1.020000 -0.050030 -0.842052 1.577359 0.672326 -0.385067 0.701750
1.080000 -0.081963 -0.796215 1.535479 0.636119 -0.428972 0.736924
1.140000 -0.104422 -0.697854 1.493814 0.634936 -0.430508 0.765777
1.200000 -0.119591 -0.571684 1.456531 0.587674 -0.437742 0.790399
1.260000 -0.129104 -0.428421 1.428235 0.677844 -0.438545 0.812288
1.320000 -0.134057 -0.275488 1.411658 0.710337 -0.436597 0.832571
1.380000 -0.135000 -0.118906 1.401647 0.742285 -0.448829 0.852251
1.440000 -0.132031 0.035785 1.397682 0.771288 -0.438576 0.872303
1.500000 -0.124818 0.182902 1.400348 0.795454 -0.429829 0.893746
1.560000 -0.112564 0.315766 1.409677 0.812316 -0.417272 0.917758
1.620000 -0.093975 0.426452 1.427368 0.821006 -0.381958 0.945764
1.680000 -0.067325 0.506764 1.451339 0.820134 -0.388967 0.979430
1.740000 -0.030598 0.559365 1.508912 0.852185 -0.111948 1.020415
1.800000 0.024781 0.745387 1.600007 0.602442 0.405741 1.072184
1.860000 0.069872 0.683552 1.600001 0.559243 0.599996 1.112604
1.920000 0.098387 0.653979 1.600001 0.748284 0.294177 1.143186
1.980000 0.116656 0.572911 1.590309 0.506747 0.439304 1.167340
2.040000 0.127793 0.463407 1.543503 0.395606 0.525810 1.188077
2.100000 0.133577 0.338244 1.500942 0.587339 0.400228 1.207250
2.160000 0.135003 0.203924 1.472441 0.567543 0.351434 1.225915
2.220000 0.132376 0.065658 1.445337 0.567423 0.310186 1.245098
2.280000 0.125524 -0.072440 1.421127 0.589710 0.284909 1.265887
2.340000 0.113876 -0.207122 1.402713 0.638832 0.280157 1.289482
2.400000 0.096511 -0.335284 1.397781 0.717959 0.274337 1.317191
2.460000 0.072171 -0.451073 1.412593 0.810143 0.341135 1.350312
2.520000 0.039051 -0.545167 1.474424 0.902655 0.148696 1.389989
2.580000 -0.010580 -0.724290 1.595278 0.793460 -0.338982 1.438757
2.640000 -0.057033 -0.662482 1.599997 0.365415 -0.600000 1.481561
2.700000 -0.086747 -0.641908 1.532004 0.333225 -0.526776 1.514669
2.760000 -0.106639 -0.588872 1.442092 0.053546 -0.507801 1.542637
2.820000 -0.119720 -0.509322 1.325619 -0.081017 -0.482233 1.568082
2.880000 -0.127957 -0.412793 1.216816 0.165833 -0.469616 1.592767
2.940000 -0.132763 -0.303783 1.142510 0.412875 -0.464479 1.617471
3.000000 -0.135000 -0.184329 1.112229 0.640880 -0.381657 1.642327
3.060000 -0.134941 -0.056572 1.112531 0.731172 -0.478569 1.667125
3.120000 -0.132415 0.070658 1.128254 0.798169 -0.450870 1.692141
3.180000 -0.126971 0.190400 1.160250 0.836808 -0.439508 1.717794
3.240000 -0.117909 0.297460 1.203952 0.853017 -0.394443 1.744766
3.300000 -0.104194 0.390481 1.259676 0.861500 -0.330514 1.773985
3.360000 -0.084267 0.472859 1.329247 0.878305 -0.264605 1.806636
3.420000 -0.055591 0.334437 1.435350 0.923133 -0.216178 1.852252
3.480000 -0.035032 0.167018 1.527584 0.947005 -0.315372 1.895052
3.540000 -0.024795 -0.005303 1.583173 0.909524 -0.420497 1.934149
3.600000 -0.024142 -0.192622 1.599999 0.770468 -0.431013 1.971814
3.660000 -0.033028 -0.378129 1.599998 0.450660 -0.051480 2.009767
3.720000 -0.049209 -0.444068 1.600000 0.322469 0.336685 2.048584
3.780000 -0.067259 -0.326033 1.599995 0.268036 -0.012795 2.087773
3.840000 -0.086929 -0.307047 1.599995 0.479644 -0.407315 2.127225
3.900000 -0.113054 -0.493009 1.599990 0.786459 -0.600000 2.168734
3.960000 -0.126156 -0.381154 1.599990 0.780563 -0.551094 2.189924
4.020000 -0.133048 -0.258271 1.599991 0.822537 -0.487676 2.208446
4.080000 -0.134999 -0.128360 1.599993 0.753335 -0.390552 2.225842
4.140000 -0.132367 0.004474 1.600000 0.703356 -0.260220 2.243330
4.200000 -0.124770 0.137918 1.599152 0.674772 -0.234111 2.262108
4.260000 -0.111094 0.268205 1.600000 0.676147 -0.129448 2.283697
4.320000 -0.086595 0.093602 1.600000 0.749060 -0.300228 2.324745
4.380000 -0.074165 -0.036242 1.599998 0.469849 -0.031577 2.363100
4.440000 -0.068672 -0.058106 1.599999 0.277895 0.344531 2.400711
4.500000 -0.063942 0.067418 1.599996 0.301975 -0.032151 2.438379
4.560000 -0.058853 0.128656 1.599995 0.240990 0.046873 2.475988
4.620000 -0.050692 0.197787 1.599996 0.599811 0.425572 2.513858
4.680000 -0.035583 0.367192 1.599993 0.786720 0.577867 2.552549
4.740000 -0.010471 0.597698 1.599992 0.822067 0.471140 2.593261
4.800000 0.028681 0.853437 1.587473 0.702969 0.377486 2.638204
4.860000 0.065710 0.822749 1.549448 0.650787 0.431666 2.677037
4.920000 0.092464 0.742512 1.495887 0.516232 0.428785 2.709070
4.980000 0.111030 0.630210 1.422983 0.242560 0.439675 2.736438
5.040000 0.123330 0.498878 1.345938 0.301497 0.449303 2.761071
5.100000 0.130899 0.356423 1.294718 0.532073 0.462602 2.784128
5.160000 0.134667 0.208185 1.275962 0.743172 0.474062 2.806210
5.220000 0.135000 0.059286 1.277057 0.788484 0.478078 2.827838
5.280000 0.131836 -0.084348 1.284374 0.816634 0.518471 2.849786
5.340000 0.124801 -0.216203 1.296348 0.828154 0.496141 2.873026
5.400000 0.113211 -0.329738 1.314522 0.826228 0.467683 2.898639
5.460000 0.096054 -0.418992 1.340242 0.816261 0.402345 2.927867
5.520000 0.071990 -0.483273 1.380167 0.814525 0.299524 2.962017
5.580000 0.039175 -0.566253 1.438537 0.843893 0.244049 3.001452
5.640000 0.000649 -0.364625 1.514187 0.889914 0.291372 3.049817
5.700000 -0.023366 -0.183683 1.559864 0.880728 0.434325 3.091837
5.760000 -0.036092 -0.001381 1.585348 0.683586 0.213003 3.130882
5.820000 -0.040234 0.123503 1.600000 0.306385 -0.164198 3.168602
5.880000 -0.041523 0.053159 1.595440 0.504853 -0.539663 3.206148
5.940000 -0.047086 -0.187183 1.599996 0.882845 -0.600001 3.243947
6.000000 -0.061481 -0.466088 1.595090 0.703802 -0.458747 3.282521
6.060000 -0.088327 -0.755965 1.522488 0.438609 -0.436619 3.324809
6.120000 -0.107072 -0.686905 1.426884 0.159756 -0.413600 3.352695
6.180000 -0.119537 -0.586202 1.312081 0.053611 -0.410134 3.378238
6.240000 -0.127454 -0.468755 1.199471 0.142808 -0.416469 3.403199
6.300000 -0.132150 -0.340117 1.113827 0.395895 -0.437917 3.428508
6.360000 -0.134563 -0.203117 1.073292 0.653487 -0.471843 3.454267
6.420000 -0.135001 -0.063069 1.072146 0.774563 -0.505211 3.480072
6.480000 -0.133176 0.070455 1.093666 0.841921 -0.525060 3.505809
6.540000 -0.128569 0.188804 1.124440 0.860598 -0.562005 3.531877
6.600000 -0.120621 0.286403 1.158790 0.850519 -0.525354 3.559097
6.660000 -0.108708 0.361500 1.197907 0.828945 -0.467413 3.588399
6.720000 -0.092045 0.416393 1.244245 0.812242 -0.375415 3.620760
6.780000 -0.069538 0.460888 1.303769 0.821820 -0.282687 3.657143
6.840000 -0.039554 0.510376 1.382558 0.870207 -0.232509 3.698491
6.900000 -0.006608 0.324565 1.487141 0.937230 -0.223994 3.746283
6.960000 0.013994 0.165729 1.569594 0.952180 -0.346321 3.787772
7.020000 0.024517 -0.007109 1.600000 0.787933 -0.486969 3.826116
7.080000 0.025681 -0.190179 1.599999 0.472544 -0.111452 3.863667
7.140000 0.019629 -0.283744 1.600001 0.291335 0.265250 3.901337
7.200000 0.011102 -0.201169 1.599996 0.307619 0.085840 3.939261
7.260000 0.002360 -0.117813 1.599996 0.217179 -0.020234 3.977121
7.320000 -0.005527 -0.097470 1.600000 0.317714 -0.015374 4.014981
7.380000 -0.012974 -0.117217 1.600000 0.229451 -0.126191 4.052728
7.440000 -0.021508 -0.161086 1.599999 0.312320 0.089804 4.090638
7.500000 -0.029912 -0.147772 1.599998 0.224375 0.008057 4.128479
7.560000 -0.037999 -0.123426 1.599997 0.313253 0.081244 4.166345
7.620000 -0.044623 -0.083277 1.600000 0.232961 0.032592 4.204048
7.680000 -0.050517 -0.082642 1.600001 0.354726 -0.233766 4.241739
7.740000 -0.059771 -0.208135 1.599999 0.734241 -0.599745 4.279691
7.800000 -0.076718 -0.429573 1.599997 0.623001 -0.353666 4.318701
7.860000 -0.104764 -0.677231 1.599998 0.754655 -0.355520 4.360299
7.920000 -0.121008 -0.563757 1.600000 0.715953 -0.272347 4.383164
7.980000 -0.130627 -0.423898 1.600000 0.704967 -0.237392 4.402686
8.040000 -0.135000 -0.267463 1.600000 0.711229 -0.231960 4.420433
8.100000 -0.134763 -0.102463 1.600000 0.728224 -0.251257 4.437662
8.160000 -0.129897 0.064317 1.600000 0.751724 -0.284480 4.455531
8.220000 -0.119715 0.226169 1.600000 0.778265 -0.330499 4.475304
8.280000 -0.100251 0.080995 1.600000 0.814661 -0.403014 4.514194
8.340000 -0.090785 -0.068750 1.599999 0.455482 -0.079152 4.552193
8.400000 -0.088494 -0.126506 1.599997 0.293937 0.291224 4.589704
8.460000 -0.087802 -0.023171 1.599989 0.292342 0.068999 4.627246
8.520000 -0.086872 0.051075 1.599984 0.241067 -0.089194 4.664725
8.580000 -0.085606 0.044781 1.599981 0.296785 0.012287 4.702258
8.640000 -0.084045 0.023921 1.599981 0.247608 -0.119161 4.739744
8.700000 -0.083150 0.003971 1.600001 0.349058 0.255870 4.777247
