80.282000 0 0.000000 14 0.000071
71.944000 5 240.797852 11 0.000089
91.909000 5 187.928548 12 0.000034
44.572000 5 188.569323 7 0.000045
80.056000 7 215.275210 11 0.000052
57.669000 9 280.033312 9 0.000067
74.635000 9 204.586935 12 0.000080
56.030000 9 300.280223 8 0.000031
63.480000 8 234.780970 9 0.000063
63.227000 5 196.331481 10 0.000075
40.660000 6 177.258575 7 0.000034
51.653000 6 174.868384 9 0.000068
54.481000 5 192.549935 8 0.000081
49.816000 8 234.577522 8 0.000099
31.391000 8 263.998378 6 0.000063
19.609000 5 190.684424 4 0.000043
69.792000 8 223.288246 10 0.000096
34.549000 8 281.962529 5 0.000080
24.871000 5 189.349443 4 0.000031
23.877000 5 189.223311 4 0.000016
17.332000 5 193.954572 4 0.000017
63.019000 8 191.894160 9 0.000040
68.635000 5 187.550641 12 0.000085
