0.000000 0.000000 0.000000 1.000000 0.000000 0.000000 0.000000
0.060000 -0.000296 -0.008861 1.026015 0.602433 -0.040443 0.060243
0.120000 -0.001762 -0.032548 1.197384 1.000000 -0.017210 0.114680
0.180000 -0.004061 -0.046350 1.383529 1.000000 -0.008664 0.161175
0.240000 -0.007214 -0.064961 1.523809 0.863864 -0.092372 0.202414
0.300000 -0.011644 -0.090891 1.600000 0.480232 0.107623 0.240777
0.360000 -0.015081 -0.045829 1.600000 0.118611 0.170744 0.278201
0.420000 -0.016539 0.012140 1.600000 0.456674 -0.205466 0.315822
0.480000 -0.019209 -0.050654 1.600000 0.175750 -0.163924 0.353275
0.540000 -0.023843 -0.119102 1.600000 0.398687 0.212821 0.390949
0.600000 -0.027501 -0.061610 1.600001 0.202305 0.106345 0.428475
0.660000 -0.030212 -0.019369 1.600000 0.397263 -0.269294 0.466039
0.720000 -0.035250 -0.109143 1.600000 0.282689 -0.164916 0.503662
0.780000 -0.043025 -0.188576 1.600000 0.297823 0.213150 0.541469
0.840000 -0.050905 -0.151234 1.600001 0.268326 -0.077493 0.579296
0.900000 -0.061031 -0.191343 1.599999 0.575292 -0.457874 0.617334
0.960000 -0.077405 -0.370599 1.600000 0.794951 -0.594576 0.656237
1.020000 -0.103714 -0.616874 1.600001 0.805407 -0.466183 0.697215
1.080000 -0.119622 -0.528911 1.590054 0.705532 -0.463652 0.720737
1.140000 -0.128876 -0.407280 1.561735 0.505970 -0.457319 0.740693
1.200000 -0.133056 -0.273886 1.514493 0.318872 -0.450700 0.759403
1.260000 -0.132832 -0.136546 1.447252 0.129758 -0.446066 0.778315
1.320000 -0.128361 -0.002233 1.352674 -0.067709 -0.442834 0.798962
1.380000 -0.119538 0.121954 1.227677 -0.081288 -0.453671 0.823333
1.440000 -0.106599 0.229069 1.068251 -0.147801 -0.467541 0.854040
1.500000 -0.091431 0.309022 0.894877 0.121120 -0.589862 0.894312
1.560000 -0.078066 0.335006 0.829684 0.616727 -0.600000 0.943873
1.620000 -0.067551 0.296391 0.902169 0.858750 -0.600000 0.994895
1.680000 -0.058499 0.230295 0.943587 0.455561 -0.600000 1.043979
1.740000 -0.052005 0.139454 0.844067 -0.066065 -0.600000 1.096141
1.800000 -0.050000 0.100000 0.583915 -0.723130 0.057065 1.161848
1.860000 -0.036853 0.122691 0.558730 1.018977 0.618977 1.342521
1.920000 -0.009403 0.386603 0.907329 1.018977 0.618977 1.439446
1.980000 0.026538 0.600845 1.101682 1.018977 0.533146 1.507211
2.040000 0.062393 0.692734 1.245309 1.018977 0.312718 1.559191
2.100000 0.091280 0.659000 1.355791 1.018977 0.254792 1.597989
2.160000 0.111633 0.553134 1.433518 1.018977 0.267410 1.627324
2.220000 0.124688 0.414357 1.489069 1.018977 0.302952 1.650676
2.280000 0.131909 0.261453 1.530275 1.018977 0.346985 1.670551
2.340000 0.134221 0.103976 1.558370 0.895516 0.353902 1.688732
2.400000 0.131855 -0.053887 1.579226 0.716019 0.174405 1.706648
2.460000 0.124081 -0.219804 1.598353 0.525496 -0.016118 1.725664
2.520000 0.108449 -0.421845 1.605919 0.303262 -0.238352 1.747845
2.580000 0.077546 -0.736875 1.605919 0.606279 -0.541370 1.778090
2.640000 0.005415 -0.897020 1.605919 0.827459 -0.557666 1.840622
2.700000 -0.048562 -0.984585 1.605919 1.018977 -0.419083 1.888471
2.760000 -0.088410 -0.968371 1.605919 0.970446 -0.414662 1.925073
2.820000 -0.116017 -0.882593 1.601022 1.018977 -0.383255 1.953019
2.880000 -0.134269 -0.753753 1.595164 0.932738 -0.390565 1.974893
2.940000 -0.145659 -0.599466 1.590699 1.018977 -0.387242 1.992905
3.000000 -0.151918 -0.430402 1.591276 1.018977 -0.386974 2.008632
3.060000 -0.153977 -0.253589 1.593238 1.018977 -0.384211 2.023283
3.120000 -0.152128 -0.074228 1.596599 1.018977 -0.390411 2.037884
3.180000 -0.146060 0.103123 1.601471 1.018977 -0.399549 2.053460
3.240000 -0.134783 0.273341 1.605919 0.966828 -0.421418 2.071248
3.300000 -0.116393 0.429182 1.605919 0.881803 -0.431448 2.093006
3.360000 -0.087874 0.559385 1.605919 0.911263 -0.438244 2.121262
3.420000 -0.044241 0.436260 1.605919 0.859793 -0.484800 2.165624
3.480000 -0.011770 0.252685 1.605919 0.782471 -0.348854 2.208195
3.540000 0.008039 0.081894 1.586804 0.386502 -0.223114 2.247717
3.600000 0.018442 -0.035768 1.538446 -0.003710 0.167097 2.286664
3.660000 0.023253 -0.036216 1.502679 0.393488 -0.230101 2.326384
3.720000 0.021123 -0.120560 1.502306 0.793802 -0.596717 2.366416
3.780000 0.010436 -0.311341 1.537079 0.940439 -0.429243 2.406670
3.840000 -0.010666 -0.540251 1.580681 0.823859 -0.357324 2.447449
3.900000 -0.045474 -0.788065 1.598485 0.749555 -0.294515 2.491252
3.960000 -0.075462 -0.716223 1.600000 0.734802 -0.292659 2.525230
4.020000 -0.096012 -0.601882 1.600000 0.745471 -0.275406 2.552943
4.080000 -0.109119 -0.462129 1.600000 0.764079 -0.325942 2.576462
4.140000 -0.116286 -0.309543 1.600000 0.781269 -0.332003 2.597492
4.200000 -0.118341 -0.151079 1.600000 0.675632 -0.267820 2.617392
4.260000 -0.115389 0.011265 1.600000 0.474876 -0.067064 2.637467
4.320000 -0.107859 -0.050414 1.600000 0.288768 0.316859 2.675859
4.380000 -0.102552 0.052316 1.600000 0.297987 -0.059949 2.713540
4.440000 -0.099145 0.058804 1.600000 0.430862 -0.346835 2.751090
4.500000 -0.099266 -0.049819 1.600000 0.216874 0.028139 2.788587
4.560000 -0.100700 -0.067535 1.600000 0.381152 0.232213 2.826132
4.620000 -0.099533 0.061290 1.600000 0.672078 0.600000 2.863612
4.680000 -0.091322 0.285350 1.600001 0.792104 0.474842 2.901535
4.740000 -0.073581 0.522058 1.600001 0.416575 0.083788 2.940641
4.800000 -0.045657 0.678866 1.600000 0.592549 0.075951 2.982233
4.860000 -0.010747 0.564316 1.593723 0.665910 0.486226 3.029184
4.920000 0.015638 0.480109 1.523102 0.251492 0.515130 3.070626
4.980000 0.034953 0.417228 1.454901 0.637165 0.500624 3.109193
5.040000 0.048951 0.354835 1.440554 0.794251 0.493189 3.145011
5.100000 0.058394 0.284730 1.437080 0.770646 0.485483 3.178349
5.160000 0.063649 0.207544 1.428737 0.753026 0.485851 3.210157
5.220000 0.064974 0.127150 1.396032 0.467432 0.471227 3.241597
5.280000 0.062627 0.051157 1.306232 0.137977 0.535634 3.274543
5.340000 0.057377 -0.010541 1.152279 -0.234341 0.335062 3.311774
5.400000 0.050000 -0.100000 0.939660 -0.688329 -0.118927 3.357173
5.460000 0.038441 -0.274740 0.682211 -0.051360 0.506562 3.420753
5.520000 0.032860 -0.195794 0.708100 0.738788 0.412511 3.499622
5.580000 0.027068 -0.216579 0.947796 1.018457 0.192340 3.563281
5.640000 0.019498 -0.079449 1.193285 1.018457 0.052588 3.619710
5.700000 0.016505 -0.001398 1.375226 1.018457 0.205456 3.666406
5.760000 0.018024 0.077727 1.530516 1.018457 -0.116791 3.707727
5.820000 0.019157 0.016266 1.605758 0.637726 -0.497521 3.745730
5.880000 0.014733 -0.179189 1.605758 0.742409 -0.581046 3.783193
5.940000 0.001634 -0.422197 1.600147 0.839295 -0.499790 3.821557
6.000000 -0.022896 -0.673989 1.605758 1.018457 -0.456630 3.862093
6.060000 -0.063484 -0.937479 1.572557 0.596292 -0.408852 3.907650
6.120000 -0.095875 -0.873152 1.481281 0.255091 -0.418375 3.941707
6.180000 -0.118272 -0.765019 1.365334 0.045250 -0.420993 3.970356
6.240000 -0.133556 -0.632351 1.268807 0.299810 -0.437223 3.995765
6.300000 -0.143845 -0.483635 1.216215 0.530622 -0.459999 4.018803
6.360000 -0.150299 -0.325360 1.199123 0.742426 -0.483397 4.039945
6.420000 -0.153457 -0.163330 1.209857 0.940000 -0.500647 4.059666
6.480000 -0.153457 -0.002690 1.237305 1.018457 -0.510241 4.078576
6.540000 -0.150110 0.151466 1.270377 1.018457 -0.510708 4.097522
6.600000 -0.142871 0.293479 1.306028 1.018457 -0.501135 4.117559
6.660000 -0.130740 0.416706 1.345872 1.018457 -0.480076 4.139935
6.720000 -0.112138 0.513446 1.392108 1.018457 -0.443680 4.166172
6.780000 -0.084910 0.576452 1.446893 1.018457 -0.397523 4.198065
6.840000 -0.046687 0.604487 1.513207 1.018457 -0.328601 4.237400
6.900000 -0.003153 0.361886 1.577706 1.018457 -0.399793 4.285366
6.960000 0.023795 0.158485 1.605758 0.892548 -0.382605 4.326688
7.020000 0.038603 -0.020999 1.600590 0.506603 -0.185661 4.365212
7.080000 0.044202 -0.135316 1.605758 0.479508 0.191998 4.402908
7.140000 0.045033 -0.098137 1.600177 0.105418 0.066987 4.440248
7.200000 0.042846 -0.065156 1.518478 -0.278158 -0.316590 4.478535
7.260000 0.036514 -0.146918 1.439488 0.132704 0.045310 4.519621
7.320000 0.028328 -0.170703 1.457598 0.552914 -0.027567 4.561642
7.380000 0.018519 -0.180761 1.540953 0.785496 -0.010503 4.602297
7.440000 0.007350 -0.203706 1.600000 0.398592 -0.141539 4.640987
7.500000 -0.006319 -0.262690 1.600001 0.168385 -0.017126 4.679379
7.560000 -0.021200 -0.268077 1.600002 0.406591 0.208554 4.718081
7.620000 -0.034054 -0.179748 1.600000 0.201772 0.108045 4.756375
7.680000 -0.044623 -0.123616 1.600003 0.367386 -0.195929 4.794499
7.740000 -0.056677 -0.213985 1.600000 0.437926 -0.394317 4.832714
7.800000 -0.074916 -0.415103 1.600000 0.667740 -0.398250 4.871981
7.860000 -0.103738 -0.663220 1.600001 0.737363 -0.427103 4.913740
7.920000 -0.120430 -0.557226 1.599663 0.735433 -0.279899 4.936851
7.980000 -0.130361 -0.424009 1.600000 0.709168 -0.289566 4.956488
8.040000 -0.135000 -0.274218 1.599449 0.702000 -0.210274 4.974288
8.100000 -0.135000 -0.113968 1.600000 0.711562 -0.237292 4.991500
8.160000 -0.130380 0.049766 1.599744 0.731179 -0.251953 5.009292
8.220000 -0.120495 0.210642 1.600000 0.758846 -0.292043 5.028920
8.280000 -0.101411 0.071077 1.600000 0.663396 -0.251135 5.067725
8.340000 -0.091435 -0.040154 1.600000 0.283203 0.129058 5.105744
8.400000 -0.086596 -0.029551 1.600002 0.354976 0.033862 5.143420
8.460000 -0.084237 0.017559 1.600000 0.185726 0.069538 5.180897
8.520000 -0.081241 0.076476 1.600000 0.372622 0.112145 5.218502
8.580000 -0.076374 0.119210 1.600000 0.186335 -0.159104 5.256053
8.640000 -0.072147 0.069109 1.600000 0.382081 -0.088202 5.293729
8.700000 -0.069026 0.024132 1.600001 0.161643 0.124752 5.331194
