0.000000 0.000000 0.000000 1.000000 5.130630 0.000000 0.000000
0.300000 0.000507 0.002537 2.019501 5.130670 0.008754 0.198709
0.600000 0.001400 0.001370 2.675220 5.130631 -0.027244 0.326513
0.900000 0.000718 -0.004102 3.199248 5.130633 0.032377 0.428650
1.200000 0.000895 0.002557 3.648777 5.130631 -0.020249 0.516266
1.500000 0.000866 0.000227 4.048697 5.130630 0.006126 0.594214
1.800000 0.000902 -0.000252 4.412519 5.130630 -0.001274 0.665126
2.100000 0.000913 -0.000231 4.748548 4.085491 0.001603 0.730620
2.400000 0.000932 0.000095 5.000000 0.000000 -0.000515 0.792168
2.700000 0.000948 0.000201 5.000000 -0.000000 -0.000155 0.852168
3.000000 0.000966 0.000159 5.000000 -0.000000 -0.000255 0.912168
3.300000 0.000982 0.000059 5.000000 -0.000000 0.000058 0.972168
3.600000 0.000999 0.000014 5.000000 0.000000 0.000111 1.032168
3.900000 0.001016 0.000029 5.000000 -0.000000 0.000082 1.092168
4.200000 0.001033 0.000064 5.000000 -0.000000 -0.000004 1.152168
4.500000 0.001050 0.000082 5.000000 -0.000000 -0.000036 1.212168
4.800000 0.001067 0.000077 5.000000 -0.000000 -0.000023 1.272168
5.100000 0.001084 0.000064 5.000000 0.000000 0.000006 1.332168
5.400000 0.001101 0.000057 5.000000 -0.000000 0.000020 1.392168
5.700000 0.001118 0.000059 5.000000 -0.000000 0.000015 1.452168
6.000000 0.001135 0.000063 5.000000 -0.000000 0.000005 1.512168
6.300000 0.001152 0.000066 5.000000 -0.000000 -0.000001 1.572168
6.600000 0.001169 0.000066 5.000000 0.000000 0.000001 1.632168
6.900000 0.001186 0.000064 5.000000 0.000000 0.000005 1.692168
7.200000 0.001203 0.000063 5.000000 -0.000000 0.000007 1.752168
7.500000 0.001220 0.000063 5.000000 -0.000000 0.000006 1.812168
7.800000 0.001237 0.000064 5.000000 -0.000000 0.000005 1.872168
8.100000 0.001254 0.000064 5.000000 -0.000000 0.000004 1.932168
8.400000 0.001270 0.000058 5.000000 0.000000 -0.000076 1.992168
8.700000 0.001285 0.000045 5.000000 -0.000000 0.000155 2.052168
9.000000 0.001302 0.000069 5.000000 0.000000 -0.000059 2.112168
9.300000 0.001314 0.000019 5.000000 -0.000000 -0.000705 2.172168
9.600000 0.001324 0.000026 5.000000 0.000000 0.002922 2.232168
9.900000 0.001378 0.000406 5.000000 -0.000000 -0.004593 2.292168
10.200000 0.001303 -0.000784 5.000000 0.000000 -0.004455 2.352168
10.500000 0.001383 0.000853 5.000000 -0.000000 0.048277 2.412168
10.800000 0.002030 0.005408 5.000000 0.000000 -0.114382 2.472168
11.100000 0.000354 -0.015382 5.000000 -0.000000 0.055842 2.532169
11.400000 -0.000221 -0.007311 5.000000 -0.000000 0.136848 2.592169
11.700000 0.002680 0.032096 5.000000 -0.000000 -0.055161 2.652172
12.000000 0.006739 0.045709 5.000000 0.000000 0.007784 2.712178
12.300000 0.014740 0.065434 5.000000 0.000000 0.199857 2.772201
12.600000 0.032527 0.135283 5.000000 -0.000000 0.109721 2.832309
12.900000 0.060365 0.202379 5.000000 0.000000 -0.083110 2.892569
13.200000 0.093357 0.195262 5.000000 -0.000000 -0.276268 2.952931
13.500000 0.124023 0.102802 5.000000 -0.000000 -0.083266 3.013244
13.800000 0.151297 0.024530 5.000000 0.000000 0.109526 3.073491
14.100000 0.177514 0.027875 5.000000 -0.000000 0.224765 3.133720
14.400000 0.206458 0.100752 5.000000 -0.000000 0.031874 3.193999
14.700000 0.237001 0.147965 5.000000 0.000000 -0.161118 3.254309
15.000000 0.266508 0.126419 5.000000 0.000000 -0.044433 3.314601
15.300000 0.297040 0.103778 5.000000 -0.239928 0.148519 3.374899
15.600000 0.334506 0.155936 4.985467 -5.185539 0.342279 3.435472
15.900000 0.389337 0.331002 4.657135 -5.247482 0.242913 3.498789
16.200000 0.469699 0.564029 4.294930 -5.370795 0.022034 3.567814
16.500000 0.587707 0.737027 3.865398 -5.634863 -0.233887 3.647789
16.800000 0.745743 0.743150 3.333225 -5.528183 -0.028321 3.742232
17.100000 0.912410 0.750000 2.793978 -3.582742 0.283823 3.839777
17.400000 1.034471 0.750000 2.524858 -2.544474 0.112849 3.914893
17.700000 1.124881 0.662559 2.361314 -3.263550 -0.092828 3.979167
18.000000 1.195799 0.504738 2.147123 -1.874949 -0.178794 4.044798
18.300000 1.238611 0.313650 2.036381 -1.206811 0.010209 4.103862
18.600000 1.264770 0.163263 1.966799 -0.605691 0.194714 4.161520
18.900000 1.280408 0.067822 1.932580 -0.366262 0.375504 4.218017
19.200000 1.290583 0.019032 1.912063 -0.272221 0.410000 4.274033
19.500000 1.296946 -0.011153 1.896899 -0.099365 0.410000 4.329738
19.800000 1.300000 -0.038418 1.891394 0.064912 0.410000 4.385144
20.100000 1.300000 -0.066004 1.894983 0.117631 0.410000 4.440442
20.400000 1.297022 -0.093315 1.901504 0.176453 0.410000 4.495876
20.700000 1.291080 -0.119980 1.911325 0.282328 0.410000 4.551538
21.000000 1.282150 -0.145774 1.927127 0.242603 0.410000 4.607506
21.300000 1.269795 -0.173479 1.940833 0.700093 0.342959 4.664003
21.600000 1.251418 -0.221729 1.980868 1.124269 0.159966 4.721188
21.900000 1.220723 -0.314943 2.047128 1.576600 -0.028629 4.780124
22.200000 1.170750 -0.452035 2.144422 3.146466 0.044453 4.841835
22.500000 1.095879 -0.572168 2.356957 2.642472 0.260604 4.909383
22.800000 1.003014 -0.632335 2.537812 2.842175 0.410000 4.977824
23.100000 0.892842 -0.625813 2.741703 6.077721 0.410000 5.049562
23.400000 0.736777 -0.472606 3.319942 5.901331 0.410000 5.144703
23.700000 0.598745 -0.273888 3.850303 5.470430 0.410000 5.234574
24.000000 0.508434 -0.070304 4.281174 5.240727 0.388072 5.313338
24.300000 0.463980 0.074435 4.636654 5.153189 0.171015 5.381168
24.600000 0.447128 0.141516 4.958842 0.682108 -0.029056 5.443690
24.900000 0.445360 0.132105 5.000000 -0.000000 -0.222140 5.504029
25.200000 0.445224 0.027991 5.000000 0.000000 -0.402868 5.564023
25.500000 0.432616 -0.163297 5.000000 -0.000000 -0.210719 5.624069
25.800000 0.401184 -0.338667 5.000000 0.000000 -0.017612 5.684415
26.100000 0.349224 -0.428538 5.000000 0.000000 0.103766 5.745319
26.400000 0.279466 -0.425224 5.000000 0.000000 0.125105 5.806925
26.700000 0.199625 -0.348466 5.000000 0.000000 0.290831 5.869015
27.000000 0.123120 -0.207135 5.000000 0.000000 0.108789 5.930935
27.300000 0.055105 -0.096135 5.000000 -0.000000 -0.088090 5.992460
27.600000 -0.006219 -0.084840 5.000000 -0.000000 -0.284065 6.053702
27.900000 -0.070253 -0.200529 5.000000 0.000000 -0.407799 6.115060
28.200000 -0.150150 -0.408586 5.000000 -2.046296 -0.209060 6.177165
28.500000 -0.253030 -0.604632 4.868684 -5.485449 -0.003709 6.241338
28.800000 -0.384486 -0.737526 4.482311 -5.687728 0.221676 6.311774
29.100000 -0.545725 -0.750000 4.024003 -5.649763 0.076124 6.392352
29.400000 -0.720937 -0.730919 3.535507 -4.089377 -0.145552 6.478815
29.700000 -0.875071 -0.750000 3.212348 -1.587083 -0.256811 6.557839
30.000000 -1.000956 -0.748821 3.104843 -3.566188 -0.040052 6.625577
30.300000 -1.117158 -0.687993 2.854213 -2.913073 0.184843 6.695856
30.600000 -1.201219 -0.512641 2.666345 -2.161187 0.300686 6.760348
30.900000 -1.254792 -0.289970 2.534198 -1.203714 0.105021 6.821493
31.200000 -1.284312 -0.110722 2.463202 -0.498073 -0.083719 6.880474
31.500000 -1.296943 -0.002577 2.434233 -0.135096 -0.269738 6.938636
31.800000 -1.299989 0.034762 2.426397 0.043119 -0.408851 6.996640
32.100000 -1.299674 0.020931 2.428895 0.018929 -0.409005 7.054581
32.400000 -1.299112 -0.010782 2.429993 -0.020237 -0.401978 7.112566
32.700000 -1.299798 -0.040197 2.428819 -0.008820 -0.317624 7.170562
33.000000 -1.300000 -0.041765 2.428308 0.090258 -0.153720 7.228528
33.300000 -1.294643 0.009774 2.433548 0.606217 0.021460 7.286587
33.600000 -1.276713 0.125504 2.469074 1.104767 0.184118 7.345190
33.900000 -1.239310 0.285935 2.535576 1.654190 0.005676 7.405385
34.200000 -1.182327 0.416982 2.638519 -0.497400 -0.190724 7.467616
34.500000 -1.107938 0.457425 2.604433 1.128656 -0.410000 7.536143
34.800000 -1.034582 0.440177 2.677718 4.774672 -0.410000 7.601074
35.100000 -0.944865 0.340107 3.051232 5.419685 -0.410000 7.679302
35.400000 -0.858319 0.165306 3.518568 5.270606 -0.410000 7.765532
35.700000 -0.810352 -0.051141 3.959948 5.142046 -0.408458 7.849275
36.000000 -0.810536 -0.213952 4.332642 5.137519 -0.176524 7.921755
36.300000 -0.840752 -0.286139 4.674415 5.177142 0.033862 7.988280
36.600000 -0.889485 -0.289531 5.000000 -0.000000 -0.167383 8.051169
36.900000 -0.957570 -0.337101 5.000000 0.000000 -0.224502 8.113674
37.200000 -1.039005 -0.413716 5.000000 -4.126345 -0.032234 8.173758
37.500000 -1.117894 -0.435435 4.768664 0.333003 0.147168 8.229821
37.800000 -1.181458 -0.360340 4.785543 2.496250 0.309369 8.280509
38.100000 -1.232523 -0.221962 4.911503 -0.894998 0.151105 8.330968
38.400000 -1.268285 -0.079357 4.867839 -0.445373 -0.005009 8.379754
38.700000 -1.289335 0.021754 4.846272 -0.303575 -0.159971 8.428180
39.000000 -1.298253 0.054603 4.831599 0.003130 -0.314640 8.476514
39.300000 -1.300000 0.011029 4.831750 -0.001457 -0.376863 8.524806
39.600000 -1.299666 -0.084359 4.831680 0.002984 -0.222322 8.573100
39.900000 -1.299520 -0.173662 4.831824 -0.009023 -0.067774 8.621396
40.200000 -1.300000 -0.214744 4.831388 0.004063 0.086772 8.669692
40.500000 -1.300000 -0.196859 4.831584 -0.000636 -0.004230 8.717985
40.800000 -1.300000 -0.158581 4.831554 -0.007287 -0.078417 8.766278
41.100000 -1.300000 -0.129612 4.831202 0.005078 -0.140781 8.814573
41.400000 -1.300000 -0.121823 4.831447 0.003476 -0.152980 8.862868
41.700000 -1.300000 -0.130389 4.831615 -0.002500 -0.132016 8.911161
42.000000 -1.300000 -0.143618 4.831494 0.001756 -0.103074 8.959454
42.300000 -1.300000 -0.152255 4.831579 0.000069 -0.085598 9.007748
42.600000 -1.300000 -0.153536 4.831582 -0.006089 -0.084177 9.056041
42.900000 -1.300000 -0.149931 4.831288 0.002231 -0.092669 9.104336
43.200000 -1.300000 -0.145496 4.831396 0.003340 -0.102277 9.152630
43.500000 -1.300000 -0.143006 4.831557 -0.000424 -0.107146 9.200924
43.800000 -1.300000 -0.143001 4.831537 -0.006712 -0.106930 9.249217
44.100000 -1.300000 -0.144434 4.831213 -0.114367 -0.102752 9.297512
44.400000 -1.300000 -0.146181 4.825686 -0.311659 -0.101222 9.345838
44.700000 -1.300000 -0.147642 4.810595 -0.754069 -0.085363 9.394260
45.000000 -1.300000 -0.149339 4.773861 -0.944517 -0.111905 9.442974
45.300000 -1.300000 -0.149678 4.727542 -1.638795 0.017994 9.492014
45.600000 -1.298647 -0.137617 4.645753 -2.048424 -0.141711 9.541922
45.900000 -1.297836 -0.137664 4.541477 0.257969 0.021186 9.592827
46.200000 -1.293607 -0.098955 4.554352 4.460522 0.180899 9.642737
46.500000 -1.281110 -0.007932 4.801709 3.291476 0.358354 9.698192
46.800000 -1.254679 0.147343 5.000000 0.000000 0.323395 9.758436
47.100000 -1.209662 0.330712 5.000000 -0.000000 0.126368 9.820007
47.400000 -1.144750 0.467075 5.000000 -0.000000 -0.069203 9.881123
47.700000 -1.060493 0.493159 5.000000 -0.000000 -0.245105 9.943530
48.000000 -0.965567 0.416929 5.000000 -0.000000 -0.052718 10.006442
48.300000 -0.862719 0.353797 5.000000 -0.000000 0.150253 10.069870
48.600000 -0.752185 0.367111 5.000000 -0.000000 0.078143 10.133816
48.900000 -0.637522 0.394512 5.000000 -0.000000 -0.126608 10.198049
49.200000 -0.526862 0.346193 5.000000 0.000000 -0.330831 10.262004
49.500000 -0.432682 0.185877 5.000000 -0.389852 -0.410000 10.324895
49.800000 -0.366400 -0.043259 4.975963 -5.201383 -0.219602 10.386557
50.100000 -0.331907 -0.276959 4.650016 -5.135395 -0.019072 10.449222
50.400000 -0.334575 -0.485400 4.304477 -5.149109 -0.021534 10.516508
50.700000 -0.384700 -0.642362 3.923797 -5.065882 0.179776 10.590440
51.000000 -0.474913 -0.664234 3.512887 -5.473397 0.055749 10.671553
51.300000 -0.621453 -0.750000 2.958536 0.854067 -0.268350 10.772834
51.600000 -0.745406 -0.706581 3.022729 5.666787 -0.027833 10.847995
51.900000 -0.900691 -0.629476 3.520002 5.971810 0.252974 10.935747
52.200000 -1.059974 -0.461373 4.031001 4.931432 0.410000 11.021316
52.500000 -1.163628 -0.247797 4.343303 4.705725 0.329456 11.084645
52.800000 -1.234451 -0.070004 4.619802 3.901758 0.141430 11.143403
53.100000 -1.275202 0.046002 4.827008 3.386145 -0.028508 11.196508
53.400000 -1.294392 0.094721 4.997458 0.051711 -0.189588 11.246846
53.700000 -1.300000 0.076247 5.000000 0.000000 -0.346908 11.296008
54.000000 -1.300000 -0.007478 5.000000 -0.000000 -0.288531 11.345062
54.300000 -1.299087 -0.113475 5.000000 -0.000000 -0.131692 11.394074
54.600000 -1.299218 -0.188990 5.000000 0.000000 0.024967 11.443030
54.900000 -1.300000 -0.202930 5.000000 0.000000 0.129752 11.491925
55.200000 -1.300000 -0.162139 5.000000 -0.000000 -0.026511 11.540758
55.500000 -1.299983 -0.118736 5.000000 -0.000000 -0.110748 11.589531
55.800000 -1.300000 -0.099029 5.000000 0.000000 -0.150474 11.638245
56.100000 -1.300000 -0.104117 5.000000 -0.000000 -0.138708 11.686898
56.400000 -1.300000 -0.121285 5.000000 -0.000000 -0.102359 11.735489
56.700000 -1.300000 -0.136350 5.000000 0.000000 -0.073246 11.784017
57.000000 -1.300000 -0.142303 5.000000 0.000000 -0.064707 11.832482
57.300000 -1.300000 -0.140176 5.000000 -0.000000 -0.073216 11.880882
57.600000 -1.300000 -0.135060 5.000000 -0.000000 -0.087243 11.929215
57.900000 -1.300000 -0.131562 5.000000 -0.000000 -0.097123 11.977481
58.200000 -1.300000 -0.131467 5.000000 0.000000 -0.099475 12.025678
58.500000 -1.300000 -0.133945 5.000000 -0.000000 -0.096532 12.073806
58.800000 -1.300000 -0.137099 5.000000 -0.000000 -0.092618 12.121863
59.100000 -1.300000 -0.139478 5.000000 0.000000 -0.090657 12.169847
59.400000 -1.300000 -0.140685 5.000000 -0.000000 -0.091234 12.217757
59.700000 -1.300000 -0.141130 5.000000 0.000000 -0.093466 12.265594
60.000000 -1.300000 -0.141474 5.000000 -0.000000 -0.095923 12.313354
60.300000 -1.300000 -0.142180 5.000000 0.000000 -0.097510 12.361035
60.600000 -1.300000 -0.143338 5.000000 -0.000000 -0.098310 12.408638
60.900000 -1.299996 -0.144702 5.000000 -0.235695 -0.097191 12.456161
61.200000 -1.300000 -0.146805 4.988806 -0.442792 -0.103667 12.503654
61.500000 -1.300000 -0.149281 4.967746 -0.438746 -0.060835 12.551216
61.800000 -1.299018 -0.141208 4.946826 -0.432272 0.011729 12.598898
62.100000 -1.296046 -0.119654 4.926156 -0.454979 -0.141092 12.646715
62.400000 -1.293650 -0.122601 4.904334 -0.471416 -0.294243 12.694678
62.700000 -1.294658 -0.166279 4.881661 -0.465161 -0.141687 12.742772
63.000000 -1.297693 -0.204020 4.859240 -0.433605 0.011902 12.790973
63.300000 -1.299999 -0.195099 4.838303 -0.349215 0.166331 12.839260
63.600000 -1.296912 -0.115904 4.821407 0.167326 0.319993 12.887641
63.900000 -1.281374 0.042466 4.829525 0.454028 0.410000 12.936154
64.200000 -1.245592 0.259765 4.851783 0.880684 0.266847 12.985177
64.500000 -1.183968 0.477121 4.895898 1.986361 0.106551 13.035269
64.800000 -1.090738 0.639376 5.000000 -0.006273 -0.061156 13.087677
65.100000 -0.966105 0.731072 4.999660 -3.794820 -0.099373 13.141939
65.400000 -0.803372 0.750000 4.765738 0.382424 -0.296629 13.203581
65.700000 -0.623795 0.685714 4.789964 -3.725183 -0.388068 13.266930
66.000000 -0.406396 0.247169 4.457720 0.517233 -0.198430 13.356119
66.300000 -0.288044 0.092009 4.491917 5.498001 -0.410000 13.422234
66.600000 -0.201489 -0.095873 4.860658 2.278527 -0.261626 13.489302
66.900000 -0.159772 -0.187719 5.000000 -0.000000 -0.065931 13.550457
67.200000 -0.146635 -0.234377 5.000000 0.000000 0.126586 13.610619
67.500000 -0.150374 -0.188497 5.000000 0.000000 0.318506 13.670594
67.800000 -0.157034 -0.054543 5.000000 0.000000 0.139114 13.730616
68.100000 -0.160537 0.068887 5.000000 -0.000000 -0.052896 13.790619
68.400000 -0.159956 0.105653 5.000000 0.000000 -0.244899 13.850620
68.700000 -0.159095 0.046223 5.000000 -0.000000 -0.084777 13.910620
69.000000 -0.159004 -0.025500 5.000000 0.000000 -0.024751 13.970620
69.300000 -0.161049 -0.060856 5.000000 0.000000 0.167254 14.030622
69.600000 -0.162952 -0.036278 5.000000 -0.000000 -0.024751 14.090623
69.900000 -0.166572 -0.015567 5.000000 0.000000 0.041981 14.150627
70.200000 -0.167829 0.021355 5.000000 0.000000 0.211899 14.210629
70.500000 -0.159313 0.111039 5.000000 -0.000000 0.175972 14.270658
70.800000 -0.137748 0.211506 5.000000 -0.000000 -0.016538 14.330817
71.100000 -0.105722 0.247167 5.000000 -0.000000 -0.209634 14.391160
71.400000 -0.069965 0.187128 5.000000 -0.000000 -0.195564 14.451584
71.700000 -0.035816 0.087831 5.000000 -0.000000 -0.002324 14.511972
72.000000 -0.003714 0.039540 5.000000 -0.000000 0.190773 14.572315
72.300000 0.029584 0.078956 5.000000 0.000000 0.144421 14.632683
72.600000 0.065463 0.146879 5.000000 0.000000 -0.048947 14.693111
72.900000 0.102457 0.169449 5.000000 0.000000 -0.092871 14.753565
73.200000 0.140964 0.159003 5.000000 -0.000000 0.097834 14.814057
73.500000 0.186594 0.195446 5.000000 -0.908657 0.292062 14.874754
73.800000 0.247833 0.322875 4.944044 -5.274538 0.275066 14.936335
74.100000 0.332430 0.523061 4.599129 -5.394260 0.065810 15.001727
74.400000 0.444687 0.692492 4.208002 -5.517337 -0.166215 15.074235
74.700000 0.593391 0.746082 3.737371 -5.838510 -0.131959 15.159536
75.000000 0.773402 0.733129 3.159984 -4.894444 0.085772 15.258429
75.300000 0.928167 0.750000 2.724805 -1.857535 0.370294 15.347342
75.600000 1.039297 0.748898 2.600135 -3.690925 0.155531 15.414457
75.900000 1.141757 0.705494 2.340936 -3.165818 -0.069192 15.484683
76.200000 1.213980 0.550990 2.140002 -2.206921 -0.267938 15.548153
76.500000 1.258358 0.340052 2.009792 -1.291725 -0.079134 15.607154
76.800000 1.283458 0.161062 1.936274 -0.555030 0.102991 15.664068
77.100000 1.295590 0.035046 1.905332 -0.196786 0.281385 15.719816
77.400000 1.300000 -0.040014 1.894418 -0.052877 0.410000 15.775281
77.700000 1.299383 -0.085923 1.891487 0.366263 0.302195 15.830708
78.000000 1.291178 -0.149175 1.911847 0.864253 0.124315 15.886295
78.300000 1.270137 -0.255616 1.960951 1.456954 -0.057500 15.943112
78.600000 1.229557 -0.409271 2.047562 2.622621 -0.107283 16.002559
78.900000 1.162756 -0.576675 2.216082 3.890480 0.098192 16.066816
79.200000 1.064841 -0.687167 2.492601 1.458794 0.325634 16.137891
79.500000 0.952710 -0.732214 2.593283 6.327457 0.410000 16.206909
79.800000 0.780268 -0.620439 3.193966 6.407015 0.410000 16.301842
80.100000 0.596896 -0.418276 3.814160 5.817066 0.410000 16.398641
80.400000 0.461416 -0.205014 4.296316 5.420867 0.410000 16.481527
80.700000 0.378552 -0.046141 4.670392 5.236356 0.314646 16.550534
81.000000 0.330028 0.075016 5.000000 0.000000 0.193441 16.613480
81.300000 0.309335 0.172339 5.000000 0.000000 0.099788 16.673636
81.600000 0.311484 0.241544 5.000000 -0.000000 -0.092242 16.733646
81.900000 0.328320 0.226013 5.000000 0.000000 -0.284560 16.793745
82.200000 0.348561 0.114634 5.000000 -0.000000 -0.185927 16.853880
82.500000 0.365339 -0.011375 5.000000 -0.000000 0.006377 16.913975
82.800000 0.377098 -0.068498 5.000000 0.000000 0.198525 16.974022
83.100000 0.387826 -0.021826 5.000000 0.000000 0.249521 17.034060
83.400000 0.402899 0.087071 5.000000 0.000000 0.057277 17.094136
83.700000 0.423273 0.161884 5.000000 0.000000 -0.135166 17.154275
84.000000 0.446416 0.151080 5.000000 -0.000000 -0.173856 17.214453
84.300000 0.469737 0.089522 5.000000 0.000000 0.018737 17.274638
84.600000 0.494942 0.067233 5.000000 -0.141099 0.211337 17.334825
84.900000 0.528065 0.143206 4.991465 -5.175578 0.372257 17.395313
85.200000 0.578671 0.333860 4.666103 -5.236903 0.171124 17.458178
85.500000 0.653962 0.551725 4.303921 -5.352720 -0.050187 17.527338
85.800000 0.763314 0.696554 3.883931 -4.905923 -0.047600 17.605801
86.100000 0.890606 0.749842 3.501488 -2.178324 0.179490 17.683756
86.400000 1.008727 0.749232 3.354211 -2.228913 -0.036654 17.751366
86.700000 1.114588 0.659156 3.210179 -2.837275 -0.243438 17.815986
87.000000 1.200282 0.476662 3.028336 -1.804647 -0.255237 17.880077
87.300000 1.257168 0.267149 2.919984 -1.256575 -0.063107 17.940118
87.600000 1.290017 0.093596 2.846230 -0.418586 -0.118298 17.998812
87.900000 1.296437 -0.079260 2.822012 0.477268 -0.273012 18.056669
88.200000 1.271897 -0.281279 2.850061 1.732394 -0.233323 18.115438
88.500000 1.212768 -0.481475 2.956999 2.817933 -0.098062 18.177166
88.800000 1.115618 -0.633380 3.143742 3.748943 0.112502 18.243436
89.100000 0.981468 -0.691850 3.409431 4.049713 0.339287 18.314306
89.400000 0.819619 -0.660682 3.706051 4.255668 0.255916 18.387551
89.700000 0.633286 -0.609181 4.027482 3.164822 0.315245 18.463081
90.000000 0.431763 -0.570079 4.267782 3.473190 0.072275 18.539009
90.300000 0.197371 -0.629341 4.547487 1.454035 -0.182661 18.619542
90.600000 -0.087079 -0.747234 4.677159 -7.165027 0.102717 18.708722
90.900000 -0.377157 -0.750000 3.984759 -6.591730 -0.066909 18.805359
91.200000 -0.626012 -0.750000 3.326644 -4.271371 -0.171865 18.905198
91.500000 -0.798087 -0.750000 2.970648 -2.517242 -0.240484 18.988543
91.800000 -0.929657 -0.750000 2.787727 -3.540026 -0.253914 19.061210
92.100000 -1.049111 -0.750000 2.527646 -3.334011 -0.041146 19.134679
92.400000 -1.140601 -0.646937 2.303132 -2.797602 0.174344 19.202019
92.700000 -1.203575 -0.462330 2.127277 -1.822156 0.134395 19.264878
93.000000 -1.242859 -0.276587 2.019406 -1.060748 -0.055045 19.324078
93.300000 -1.266529 -0.138953 1.958512 -0.571698 -0.238746 19.381485
93.600000 -1.280994 -0.056637 1.926217 -0.268307 -0.410000 19.437973
93.900000 -1.290847 -0.016464 1.911228 -0.171107 -0.410000 19.493840
94.200000 -1.297039 0.011501 1.901716 -0.090297 -0.410000 19.549428
94.500000 -1.299999 0.037835 1.896710 -0.006968 -0.409858 19.604873
94.800000 -1.299945 0.064941 1.896324 0.101258 -0.401180 19.660276
95.100000 -1.295794 0.103073 1.901945 0.338326 -0.227387 19.715785
95.400000 -1.282858 0.180302 1.920913 1.051983 -0.048098 19.771851
95.700000 -1.254877 0.309151 1.981584 2.189236 0.136455 19.829524
96.000000 -1.203176 0.482083 2.116945 3.064152 0.074943 19.891354
96.300000 -1.121994 0.648260 2.322116 4.240562 -0.139324 19.958313
96.600000 -1.006056 0.741915 2.635674 4.014939 -0.375939 20.032255
96.900000 -0.864245 0.750000 2.939925 3.781921 -0.410000 20.108035
97.200000 -0.695762 0.706183 3.240539 6.620006 -0.399072 20.187522
97.500000 -0.474257 0.595892 3.868334 6.678467 -0.095607 20.282355
97.800000 -0.240481 0.573536 4.475473 5.706951 0.195305 20.373265
98.100000 -0.011725 0.655033 4.934359 -6.446434 0.115100 20.453673
98.400000 0.223588 0.750000 4.407463 -6.542485 -0.142682 20.535408
98.700000 0.467800 0.750000 3.787561 -6.071570 0.040194 20.630158
99.000000 0.685684 0.750000 3.197978 -3.569967 0.207365 20.727263
99.300000 0.840351 0.750000 2.914175 -2.677569 0.225825 20.806761
99.600000 0.966290 0.750000 2.720426 -3.510619 0.246903 20.879121
99.900000 1.079689 0.739048 2.466712 -3.249897 0.015637 20.951391
100.200000 1.165066 0.622978 2.252597 -2.648884 -0.195190 21.017275
100.500000 1.222678 0.432044 2.089321 -1.677254 -0.124503 21.078914
100.800000 1.257897 0.247447 1.991405 -0.922759 0.062309 21.137293
101.100000 1.278230 0.111353 1.939009 -0.439099 0.244009 21.194074
101.400000 1.289720 0.029114 1.914410 -0.252083 0.410000 21.250096
101.700000 1.296695 -0.011644 1.900374 -0.136397 0.410000 21.305778
102.000000 1.300000 -0.040569 1.892809 0.042324 0.410000 21.361237
102.300000 1.300000 -0.068167 1.895151 0.094104 0.410000 21.416562
102.600000 1.296907 -0.095320 1.900370 0.126174 0.410000 21.472018
102.900000 1.290810 -0.121898 1.907397 0.265013 0.410000 21.527710
103.200000 1.281312 -0.151800 1.922233 0.663105 0.339500 21.583695
103.500000 1.265722 -0.202417 1.959776 0.994805 0.158329 21.640312
103.800000 1.238066 -0.297035 2.017663 1.435735 -0.027877 21.698501
104.100000 1.191429 -0.438297 2.104987 3.200403 -0.020874 21.759323
104.400000 1.117955 -0.576567 2.320358 2.700035 0.194470 21.826618
104.700000 1.024469 -0.659146 2.504161 2.702044 0.410000 21.894692
105.000000 0.913036 -0.665989 2.695931 6.210464 0.410000 21.965664
105.300000 0.748486 -0.518357 3.293618 6.062118 0.410000 22.061903
105.600000 0.594864 -0.296415 3.865250 5.541289 0.410000 22.156199
105.900000 0.497414 -0.102365 4.296704 5.276261 0.410000 22.234060
106.200000 0.444361 0.052274 4.654730 5.167140 0.232731 22.301916
106.500000 0.422013 0.143338 4.978033 0.365449 0.032510 22.364485
106.800000 0.418938 0.164136 5.000000 0.000000 -0.159844 22.424596
107.100000 0.423646 0.107206 5.000000 -0.000000 -0.240444 22.484608
107.400000 0.427309 -0.003537 5.000000 0.000000 -0.048426 22.544614
107.700000 0.426976 -0.084972 5.000000 -0.000000 0.037782 22.604614
108.000000 0.422286 -0.100020 5.000000 0.000000 0.220166 22.664622
108.300000 0.417647 -0.041656 5.000000 0.000000 0.028144 22.724629
108.600000 0.411957 -0.001976 5.000000 0.000000 -0.163891 22.784639
108.900000 0.403305 -0.021034 5.000000 -0.000000 0.028189 22.844664
109.200000 0.396668 -0.016636 5.000000 -0.000000 0.220238 22.904679
109.500000 0.397228 0.046921 5.000000 0.000000 0.028234 22.964681
109.800000 0.402444 0.085728 5.000000 0.000000 -0.163795 23.024690
110.100000 0.408391 0.059296 5.000000 -0.000000 -0.028359 23.084701
110.400000 0.416828 0.039006 5.000000 0.000000 0.163718 23.144725
110.700000 0.431021 0.072522 5.000000 -0.000000 0.045382 23.204793
111.000000 0.448536 0.098988 5.000000 0.000000 -0.146946 23.264895
111.300000 0.465698 0.078305 5.000000 0.000000 0.045367 23.324993
111.600000 0.484427 0.064806 5.000000 0.000000 -0.066255 23.385108
111.900000 0.501920 0.044771 5.000000 -4.372779 0.026806 23.445218
112.200000 0.519180 0.041771 4.730041 -5.139021 0.049851 23.506954
112.500000 0.538819 0.075332 4.390717 -5.144753 0.150238 23.572983
112.800000 0.570468 0.202139 4.022776 -5.188040 0.379094 23.644501
113.100000 0.636612 0.485896 3.603818 -5.323616 0.156458 23.725256
113.400000 0.762480 0.750000 3.069439 -5.321928 -0.163530 23.825635
113.700000 0.905770 0.750000 2.530776 -3.795093 0.160338 23.926850
114.000000 1.009993 0.666332 2.234658 -1.985709 -0.089347 24.004877
114.300000 1.073530 0.473307 2.109844 -2.304013 -0.290486 24.067733
114.600000 1.108799 0.213010 1.960785 0.035565 -0.410000 24.132428
114.900000 1.109399 -0.078629 1.962950 1.041187 -0.357487 24.193297
115.200000 1.076594 -0.355985 2.029783 2.059358 -0.155376 24.257486
115.500000 1.010143 -0.580333 2.171459 4.289065 0.064772 24.326283
115.800000 0.900202 -0.706161 2.514231 2.541707 0.320508 24.406200
116.100000 0.768216 -0.750000 2.711441 5.224933 0.397496 24.483790
116.400000 0.585904 -0.727532 3.186488 7.126623 0.106554 24.574709
116.700000 0.306882 -0.668139 4.015784 -2.578638 -0.265817 24.691075
117.000000 0.047692 -0.689404 3.735947 -2.498250 -0.205991 24.799596
117.300000 -0.155933 -0.750000 3.490321 -2.179765 -0.106172 24.897916
117.600000 -0.334119 -0.749997 3.287246 -1.952094 -0.176870 24.991080
117.900000 -0.495558 -0.749817 3.114785 -2.387186 -0.227653 25.079426
118.200000 -0.643172 -0.750000 2.912811 -2.450941 -0.096331 25.164033
118.500000 -0.772997 -0.723244 2.716151 -3.449527 -0.353095 25.244272
118.800000 -0.897854 -0.748354 2.435870 1.025003 -0.093088 25.325524
119.100000 -0.984850 -0.627430 2.500401 4.446184 0.108374 25.388481
119.400000 -1.070779 -0.456925 2.816853 5.426942 0.336130 25.459655
119.700000 -1.156613 -0.248442 3.293074 5.254892 0.410000 25.547406
120.000000 -1.216348 -0.032722 3.782933 5.159798 0.410000 25.640626
120.300000 -1.227633 0.167672 4.166777 5.133765 0.410000 25.715017
120.600000 -1.195474 0.348467 4.524277 5.211493 0.410000 25.784654
120.900000 -1.121487 0.505306 4.867445 2.041731 0.273268 25.850502
121.200000 -1.009309 0.633102 5.000000 -0.000000 0.121250 25.915425
121.500000 -0.861998 0.724432 5.000000 0.000000 -0.007336 25.982306
121.800000 -0.684502 0.746019 5.000000 -0.000000 -0.135786 26.052032
122.100000 -0.489300 0.672744 5.000000 0.000000 -0.209377 26.123595
122.400000 -0.292869 0.548630 5.000000 -0.000000 0.020338 26.195381
122.700000 -0.099184 0.509872 5.000000 -0.000000 0.199482 26.266664
123.000000 0.095319 0.557087 5.000000 0.000000 0.000499 26.338173
123.300000 0.277778 0.562998 5.000000 -0.000000 -0.050219 26.407432
123.600000 0.439763 0.515111 5.000000 0.000000 -0.041426 26.472851
123.900000 0.584502 0.458436 5.000000 -0.000000 0.000555 26.535927
124.200000 0.712719 0.408739 5.000000 -0.000000 0.020144 26.596452
124.500000 0.825864 0.370524 5.000000 -0.000000 0.014237 26.654889
124.800000 0.925034 0.336619 5.000000 0.000000 0.002337 26.711517
125.100000 1.011156 0.300981 5.000000 -0.000000 -0.005176 26.766580
125.400000 1.085048 0.262083 5.000000 0.000000 -0.004679 26.820320
125.700000 1.147347 0.221101 5.000000 0.000000 -0.005639 26.872941
126.000000 1.198508 0.179300 5.000000 0.000000 0.001426 26.924638
126.300000 1.238905 0.137700 5.000000 0.000000 -0.012742 26.975594
126.600000 1.268735 0.096097 5.000000 0.000000 0.028660 27.025980
126.900000 1.288517 0.057265 5.000000 0.000000 -0.056707 27.075973
127.200000 1.297743 0.014066 5.000000 0.000000 0.102507 27.125727
127.500000 1.300000 0.003394 5.000000 0.000000 0.261473 27.175404
127.800000 1.300000 0.046264 5.000000 -0.000000 0.229117 27.225072
128.100000 1.300000 0.110914 5.000000 0.000000 0.070177 27.274741
128.400000 1.300000 0.150582 5.000000 -0.000000 -0.005551 27.324410
128.700000 1.300000 0.153008 5.000000 -0.000000 -0.005296 27.374078
129.000000 1.300000 0.132677 5.000000 0.000000 0.042165 27.423747
129.300000 1.300000 0.111066 5.000000 -0.000000 0.088293 27.473415
129.600000 1.300000 0.101224 5.000000 -0.000000 0.107173 27.523084
129.900000 1.300000 0.103818 5.000000 -0.000000 0.099493 27.572753
130.200000 1.300000 0.112037 5.000000 0.000000 0.081041 27.622422
130.500000 1.300000 0.118727 5.000000 -0.000000 0.067069 27.672090
130.800000 1.300000 0.120671 5.000000 -0.000000 0.063775 27.721759
131.100000 1.300000 0.118769 5.000000 -0.000000 0.068504 27.771427
131.400000 1.300000 0.115769 5.000000 0.000000 0.075060 27.821096
131.700000 1.300000 0.113873 5.000000 0.000000 0.078885 27.870765
132.000000 1.300000 0.113703 5.000000 0.000000 0.078943 27.920434
132.300000 1.300000 0.114620 5.000000 -0.000000 0.076843 27.970102
132.600000 1.300000 0.115630 5.000000 0.000000 0.074510 28.019771
132.900000 1.300000 0.116109 5.000000 -0.000000 0.074168 28.069441
133.200000 1.300000 0.116008 5.000000 0.000000 0.073258 28.119102
133.500000 1.300000 0.115672 5.000000 -0.000000 0.075985 28.168790
133.800000 1.300000 0.115269 5.000000 0.000000 0.075636 28.218408
134.100000 1.300000 0.115361 5.000000 -0.000000 0.067249 28.268183
134.400000 1.300000 0.115058 5.000000 -0.000000 0.114451 28.317704
134.700000 1.300000 0.116154 5.000000 0.000000 -0.000544 28.366910
135.000000 1.299860 0.110534 5.000000 -0.000000 -0.175129 28.421468
135.300000 1.300000 0.058596 5.000000 0.000000 -0.145397 28.481519
135.600000 1.300000 -0.015533 5.000000 -0.000000 0.047721 28.541868
135.900000 1.299958 -0.043148 5.000000 -0.000000 0.101308 28.601695
136.200000 1.299967 -0.022570 5.000000 0.000000 0.043136 28.661757
136.500000 1.299976 0.005162 5.000000 0.000000 -0.015409 28.721737
136.800000 1.299980 0.015419 5.000000 0.000000 -0.035241 28.781743
137.100000 1.299983 0.008648 5.000000 -0.000000 -0.017188 28.841742
137.400000 1.299987 -0.001503 5.000000 0.000000 0.005059 28.901742
137.700000 1.299991 -0.005506 5.000000 0.000000 0.012603 28.961741
138.000000 1.299994 -0.003276 5.000000 0.000000 0.006392 29.021740
138.300000 1.299992 0.000380 5.000000 -0.000000 -0.001089 29.081739
138.600000 1.299739 -0.000622 5.000000 0.000000 -0.039440 29.141738
138.900000 1.298840 -0.006609 5.000000 -0.000000 0.065300 29.201738
139.200000 1.299059 0.003003 5.000000 -0.000000 -0.030248 29.261737
139.500000 1.299018 0.003844 5.000000 0.000000 0.001475 29.321736
139.800000 1.299086 0.002157 5.000000 0.000000 -0.008084 29.381736
140.100000 1.299109 -0.000598 5.000000 0.000000 0.003684 29.441735
140.400000 1.299149 -0.001327 5.000000 -0.000000 0.002522 29.501734
140.700000 1.299180 -0.000640 5.000000 -0.000000 0.001731 29.561733
141.000000 1.299212 0.000302 5.000000 -0.000000 -0.000724 29.621733
141.300000 1.299241 0.000614 5.000000 0.000000 -0.001121 29.681732
141.600000 1.299270 0.000375 5.000000 -0.000000 -0.000555 29.741731
141.900000 1.299299 0.000039 5.000000 0.000000 0.000197 29.801730
142.200000 1.299328 -0.000084 5.000000 0.000000 0.000452 29.861729
142.500000 1.299356 -0.000007 5.000000 -0.000000 0.000102 29.921728
142.800000 1.299384 0.000117 5.000000 -0.000000 0.000107 29.981732
143.100000 1.299410 0.000126 5.000000 -0.000000 -0.000704 30.041724
143.400000 1.299428 0.000077 5.000000 0.000000 0.001278 30.101728
143.700000 1.299468 0.000163 5.000000 -0.000000 -0.003087 30.161743
144.000000 1.299397 -0.000598 5.000000 0.000000 0.008253 30.221571
144.300000 1.299892 0.003656 5.000000 -0.000000 -0.023087 30.282632
144.600000 1.300000 -0.001024 5.000000 -0.000000 0.134745 30.340307
144.900000 1.300000 0.017186 5.000000 -0.000000 0.207126 30.393729
145.200000 1.300000 0.061162 5.000000 0.000000 0.109261 30.445045
145.500000 1.300000 0.105329 5.000000 -0.000000 -0.004861 30.497329
145.800000 1.300000 0.115521 5.000000 0.000000 -0.010276 30.549366
146.100000 1.300000 0.102081 5.000000 -0.000000 0.018635 30.601455
146.400000 1.300000 0.083491 5.000000 -0.000000 0.060383 30.653538
146.700000 1.300000 0.073679 5.000000 -0.000000 0.079492 30.705617
147.000000 1.300000 0.074905 5.000000 -0.000000 0.074976 30.757700
147.300000 1.300000 0.081507 5.000000 -0.000000 0.059987 30.809780
147.600000 1.300000 0.086997 5.000000 -0.000000 0.048467 30.861862
147.900000 1.300000 0.088439 5.000000 0.000000 0.046110 30.913943
148.200000 1.300000 0.086723 5.000000 -0.000000 0.050309 30.966024
148.500000 1.300000 0.084317 5.000000 0.000000 0.055554 31.018105
148.800000 1.300000 0.083025 5.000000 0.000000 0.058122 31.070186
149.100000 1.300000 0.083162 5.000000 0.000000 0.057580 31.122267
149.400000 1.300000 0.084012 5.000000 0.000000 0.055639 31.174348
149.700000 1.300000 0.084727 5.000000 -0.000000 0.054142 31.226429
150.000000 1.300000 0.084922 5.000000 0.000000 0.053816 31.278510
150.300000 1.300000 0.084705 5.000000 -0.000000 0.054346 31.330592
150.600000 1.300000 0.084393 5.000000 0.000000 0.055044 31.382673
150.900000 1.300000 0.084223 5.000000 0.000000 0.055379 31.434754
151.200000 1.300000 0.084242 5.000000 0.000000 0.055292 31.486835
151.500000 1.300000 0.084351 5.000000 -0.000000 0.055046 31.538916
151.800000 1.300000 0.084441 5.000000 0.000000 0.054855 31.590997
152.100000 1.300000 0.084465 5.000000 0.000000 0.054814 31.643078
152.400000 1.300000 0.084436 5.000000 0.000000 0.054901 31.695160
152.700000 1.300000 0.084398 5.000000 0.000000 0.054988 31.747240
153.000000 1.300000 0.084381 5.000000 -0.000000 0.055006 31.799321
153.300000 1.300000 0.084384 5.000000 -0.000000 0.054988 31.851402
153.600000 1.300000 0.084394 5.000000 -0.000000 0.054964 31.903484
153.900000 1.300000 0.084401 5.000000 -0.000000 0.054951 31.955565
154.200000 1.300000 0.084402 5.000000 0.000000 0.054965 32.007646
154.500000 1.300000 0.084401 5.000000 0.000000 0.054978 32.059727
154.800000 1.300000 0.084403 5.000000 0.000000 0.054961 32.111808
155.100000 1.300000 0.084404 5.000000 0.000000 0.054945 32.163889
155.400000 1.300000 0.084401 5.000000 -0.000000 0.054948 32.215970
155.700000 1.300000 0.084396 5.000000 0.000000 0.054962 32.268052
156.000000 1.300000 0.084393 5.000000 0.000000 0.054982 32.320133
156.300000 1.300000 0.084395 5.000000 -0.000000 0.054994 32.372214
156.600000 1.300000 0.084402 5.000000 0.000000 0.054970 32.424294
156.900000 1.300000 0.084408 5.000000 0.000000 0.054935 32.476376
157.200000 1.300000 0.084406 5.000000 0.000000 0.054933 32.528457
157.500000 1.300000 0.084398 5.000000 0.000000 0.054980 32.580538
157.800000 1.300000 0.084392 5.000000 -0.000000 0.054870 32.632620
158.100000 1.300000 0.084392 5.000000 0.000000 0.055358 32.684701
158.400000 1.300000 0.084399 5.000000 0.000000 0.054195 32.736776
158.700000 1.300000 0.084433 5.000000 0.000000 0.056454 32.788873
159.000000 1.300000 0.084365 5.000000 0.000000 0.052977 32.840908
159.300000 1.300000 0.084514 5.000000 0.000000 0.052984 32.893109
159.600000 1.300000 0.084081 5.000000 -0.000000 0.076228 32.944974
159.900000 1.300000 0.085255 5.000000 0.000000 0.003426 32.996968
160.200000 1.300000 0.078847 5.000000 -0.000000 -0.166515 33.053174
160.500000 1.299584 0.033188 5.000000 0.000000 -0.061557 33.113511
160.800000 1.299602 -0.015292 5.000000 0.000000 0.041425 33.173667
161.100000 1.299639 -0.028641 5.000000 -0.000000 0.064152 33.233556
161.400000 1.299645 -0.012847 5.000000 -0.000000 0.024811 33.293601
161.700000 1.299666 0.005106 5.000000 0.000000 -0.014078 33.353587
162.000000 1.299679 0.010385 5.000000 -0.000000 -0.023153 33.413591
162.300000 1.299694 0.005045 5.000000 0.000000 -0.009715 33.473590
162.600000 1.299710 -0.001548 5.000000 -0.000000 0.004662 33.533589
162.900000 1.299728 -0.003659 5.000000 0.000000 0.008388 33.593589
163.200000 1.299745 -0.001843 5.000000 0.000000 0.003770 33.653588
163.500000 1.299762 0.000565 5.000000 -0.000000 -0.001509 33.713587
163.800000 1.299779 0.001404 5.000000 0.000000 -0.003027 33.773586
164.100000 1.299796 0.000790 5.000000 0.000000 -0.001445 33.833586
164.400000 1.299813 -0.000087 5.000000 -0.000000 0.000488 33.893585
164.700000 1.299830 -0.000417 5.000000 0.000000 0.001099 33.953584
165.000000 1.299847 -0.000213 5.000000 0.000000 0.000543 34.013583
165.300000 1.299863 0.000097 5.000000 0.000000 -0.000197 34.073582
165.600000 1.299877 0.000213 5.000000 -0.000000 -0.000321 34.133582
165.900000 1.299891 0.000140 5.000000 0.000000 -0.000386 34.193581
166.200000 1.299900 -0.000003 5.000000 0.000000 0.000287 34.253580
166.500000 1.299912 -0.000017 5.000000 -0.000000 0.000098 34.313579
166.800000 1.299840 -0.000832 5.000000 -0.000000 -0.011187 34.373579
167.100000 1.299560 -0.002500 5.000000 0.000000 0.021904 34.433578
167.400000 1.299232 -0.003129 5.000000 -0.000000 -0.064961 34.493577
167.700000 1.297796 -0.011026 5.000000 -0.000000 0.107111 34.553577
168.000000 1.297908 0.003085 5.000000 0.000000 -0.084886 34.613576
168.300000 1.294421 -0.026852 5.000000 -0.000000 -0.276902 34.673581
168.600000 1.279591 -0.135321 5.000000 0.000000 -0.207286 34.733659
168.900000 1.249809 -0.260127 5.000000 0.000000 -0.014324 34.793959
169.200000 1.206346 -0.319786 5.000000 0.000000 0.179689 34.854589
169.500000 1.155691 -0.273226 5.000000 0.000000 0.275872 34.915437
169.800000 1.107290 -0.143366 5.000000 0.000000 0.198575 34.976214
170.100000 1.068116 -0.006856 5.000000 -0.000000 0.004937 35.036726
170.400000 1.039073 0.056934 5.000000 0.000000 -0.187965 35.097008
170.700000 1.015831 0.021309 5.000000 0.000000 -0.158918 35.157187
171.000000 0.994501 -0.056944 5.000000 0.000000 -0.023237 35.217340
171.300000 0.970931 -0.130845 5.000000 0.000000 -0.215826 35.277523
171.600000 0.936268 -0.228914 5.000000 -1.697774 -0.039105 35.337931
171.900000 0.890828 -0.290540 4.895887 -5.199282 0.146442 35.399254
172.200000 0.841759 -0.251941 4.561875 -5.150258 0.352017 35.463497
172.500000 0.803944 -0.051604 4.205267 -5.144544 0.384044 35.532737
172.800000 0.795224 0.253515 3.824290 -5.111477 0.147069 35.606792
173.100000 0.834750 0.550589 3.385249 -5.250468 0.051467 35.692685
173.400000 0.940709 0.739722 2.861733 -4.805381 -0.044356 35.792393
173.700000 1.060643 0.749929 2.423488 -1.284182 0.192041 35.883592
174.000000 1.141426 0.659884 2.344355 -3.116409 -0.005148 35.945214
174.300000 1.211563 0.525437 2.142101 -2.235159 -0.181154 36.010113
174.600000 1.256174 0.342503 2.008577 -1.202054 -0.009247 36.069852
174.900000 1.282658 0.180871 1.940481 -0.656619 0.054105 36.126501
175.200000 1.295579 0.050045 1.903819 -0.144784 0.232776 36.182336
175.500000 1.299990 -0.035478 1.895800 -0.010364 0.410000 36.237718
175.800000 1.300000 -0.079453 1.895226 0.104532 0.406230 36.293105
176.100000 1.295151 -0.120060 1.901031 0.579717 0.228525 36.348637
176.400000 1.280931 -0.197264 1.933558 1.171590 0.048981 36.404745
176.700000 1.251028 -0.325095 2.001522 2.081736 -0.136652 36.462755
177.000000 1.197136 -0.497789 2.130455 3.073015 -0.066135 36.524691
177.300000 1.113399 -0.662268 2.337106 0.467393 0.149055 36.591937
177.600000 0.992175 -0.726319 2.375220 1.618270 0.410000 36.673483
177.900000 0.877763 -0.750000 2.490868 6.657094 0.410000 36.744947
178.200000 0.692322 -0.607301 3.181965 6.255933 0.410000 36.848761
178.500000 0.515178 -0.434514 3.770085 5.889591 0.410000 36.942770
178.800000 0.375365 -0.236459 4.256284 5.484457 0.410000 37.025323
179.100000 0.284726 -0.063564 4.642855 5.265932 0.401289 37.095808
179.400000 0.233334 0.078356 4.976273 0.393312 0.198678 37.159123
179.700000 0.210928 0.180268 5.000000 0.000000 0.005631 37.219451
180.000000 0.209130 0.217723 5.000000 -0.000000 -0.186395 37.279459
