22.816000 0 0.000000 7
3.491000 1 198.708746 1
3.039000 1 127.803812 1
2.556000 1 102.137181 1
2.622000 1 87.616533 1
3.233000 1 77.947652 1
3.579000 1 70.911788 1
3.041000 1 65.494553 1
2.786000 1 61.547629 1
3.090000 1 60.000000 1
3.184000 1 60.000000 1
3.757000 1 60.000000 1
3.049000 1 60.000000 1
2.773000 1 59.999999 1
3.097000 1 59.999999 1
3.249000 1 59.999999 1
3.255000 1 59.999999 1
3.473000 1 59.999999 1
3.751000 1 59.999999 1
3.160000 1 59.999999 1
3.345000 1 59.999999 1
3.151000 1 59.999999 1
3.027000 1 59.999999 1
3.081000 1 59.999999 1
3.384000 1 59.999999 1
3.210000 1 59.999999 1
2.745000 1 59.999999 1
3.201000 1 59.999999 1
2.400000 1 59.999999 1
3.150000 1 59.999999 1
2.688000 1 59.999999 1
3.180000 1 59.999999 1
2.841000 1 59.999999 1
2.708000 1 60.000000 1
2.746000 1 60.000001 1
3.420000 1 59.999967 1
3.191000 1 60.000005 1
14.929000 1 60.000995 5
20.173000 1 60.000380 6
20.833000 1 60.002962 6
17.738000 1 60.005563 5
16.842000 1 60.022774 5
14.227000 1 60.108611 4
13.421000 1 60.259726 4
46.193000 1 60.361769 13
9.887000 1 60.312988 3
10.562000 1 60.247571 3
11.701000 1 60.228892 3
11.948000 1 60.278437 3
12.313000 1 60.310023 3
11.381000 1 60.292914 3
16.231000 1 60.297346 4
11.123000 1 60.573379 3
15.409000 1 63.316877 4
12.596000 1 69.024471 3
18.623000 1 79.975520 5
17.803000 1 94.442847 5
11.281000 1 97.545096 3
18.340000 1 75.115659 5
14.147000 1 64.274139 4
24.656000 1 65.631544 8
14.750000 1 59.063543 4
13.907000 1 57.657794 4
11.460000 1 56.496961 3
3.195000 1 56.015900 1
4.377000 1 55.705144 1
7.855000 1 55.406727 2
4.103000 1 55.298066 1
4.312000 1 55.433862 1
3.486000 1 55.661344 1
3.838000 1 55.968127 1
3.556000 1 56.497054 1
4.237000 1 57.185481 1
3.668000 1 58.935793 1
3.698000 1 61.711240 1
3.822000 1 67.547302 1
2.986000 1 68.441554 1
3.900000 1 71.737689 1
7.565000 1 95.140681 2
25.367000 1 89.871460 8
22.490000 1 78.763598 6
17.445000 1 67.830380 5
16.199000 1 62.522089 5
12.858000 1 60.338970 4
13.873000 1 59.993620 4
13.442000 1 60.046483 4
65.429000 1 60.346069 20
20.085000 1 60.903744 6
11.649000 1 61.605881 3
11.753000 1 62.089833 3
10.131000 1 61.920259 3
11.880000 1 61.524896 3
10.423000 1 61.242128 3
10.597000 1 61.357739 3
15.689000 1 62.105690 4
21.372000 1 64.172387 6
31.160000 1 70.436021 8
19.046000 1 80.578371 6
14.185000 1 86.463097 4
12.286000 1 79.024138 4
14.521000 1 67.737254 4
15.618000 1 70.279443 4
46.885000 1 64.491635 16
6.556000 1 61.145165 2
4.264000 1 58.981131 1
8.037000 1 58.161925 2
21.054000 1 58.003892 6
19.136000 1 57.941343 6
16.497000 1 57.984277 5
11.819000 1 57.996468 4
12.791000 1 57.965951 4
14.109000 1 58.058894 4
7.137000 1 58.602894 2
6.562000 1 60.194855 2
7.674000 1 62.231581 2
7.196000 1 68.526968 2
6.507000 1 64.930938 2
7.342000 1 78.228313 2
8.026000 1 86.229254 2
6.726000 1 83.743811 2
7.829000 1 72.479608 2
8.428000 1 66.524875 2
7.632000 1 62.888994 2
7.595000 1 62.505040 2
8.570000 1 60.084002 2
7.345000 1 56.063188 2
8.667000 1 50.687769 2
9.088000 1 50.459474 2
10.294000 1 48.785725 2
13.897000 1 48.425408 3
4.875000 1 48.334166 1
14.659000 1 48.291950 3
27.319000 1 48.294047 6
19.590000 1 48.296234 4
27.577000 1 48.295700 6
21.813000 1 48.293082 5
17.571000 1 48.293491 4
4.421000 1 48.295162 1
5.188000 1 48.294150 1
4.399000 1 48.293180 1
5.086000 1 48.293703 1
3.780000 1 48.293351 1
16.197000 1 48.293285 4
4.694000 1 48.294756 1
4.928000 1 48.294370 1
3.779000 1 48.293503 1
3.815000 1 48.293517 1
4.046000 1 48.295152 1
3.716000 1 48.325661 1
3.540000 1 48.421540 1
3.959000 1 48.714067 1
3.125000 1 49.040209 1
48.017000 1 49.907911 15
19.537000 1 50.905352 6
13.628000 1 49.910174 4
18.531000 1 55.454724 5
17.340000 1 60.243705 5
14.809000 1 61.571035 4
17.838000 1 61.116013 5
10.586000 1 62.407030 3
6.730000 1 62.912157 2
8.795000 1 63.428528 2
4.167000 1 63.945142 1
4.666000 1 64.233616 1
4.258000 1 63.955018 1
4.613000 1 62.891235 1
8.165000 1 61.661557 2
4.517000 1 62.665481 1
4.096000 1 67.285844 1
5.418000 1 73.931266 1
4.265000 1 81.113073 1
4.556000 1 101.280956 1
4.765000 1 75.161558 1
4.791000 1 87.752179 1
5.392000 1 85.568467 1
5.554000 1 63.328961 1
5.384000 1 58.757959 1
5.045000 1 53.105659 1
5.832000 1 50.337527 1
6.422000 1 49.162537 1
4.352000 1 49.053627 1
6.094000 1 49.012045 1
5.081000 1 48.956116 1
5.218000 1 48.895229 1
4.765000 1 48.832407 1
5.329000 1 48.772854 1
15.596000 1 48.714137 3
15.321000 1 48.653524 3
15.558000 1 48.590742 3
15.986000 1 48.528241 3
14.274000 1 48.464661 3
15.112000 1 48.399630 3
14.776000 1 48.333664 3
14.420000 1 48.265893 3
13.367000 1 48.196653 3
14.910000 1 48.127884 3
26.066000 1 48.057179 6
40.401000 1 47.983673 9
27.315000 1 47.910485 6
27.797000 1 47.836767 7
17.410000 1 47.759731 5
30.502000 1 47.681370 8
24.475000 1 47.603453 7
13.880000 1 47.522656 4
3.105000 1 47.492444 1
7.867000 1 47.562688 2
6.764000 1 47.682124 2
4.043000 1 47.816690 1
14.812000 1 47.962769 4
4.067000 1 48.094457 1
4.146000 1 48.200758 1
3.493000 1 48.286868 1
3.482000 1 48.380912 1
17.212000 1 48.513033 5
3.164000 1 49.022768 1
3.779000 1 50.092340 1
15.892000 1 52.408389 5
3.183000 1 54.261493 1
3.114000 1 61.642411 1
3.149000 1 63.348621 1
2.951000 1 89.188671 1
3.426000 1 66.115749 1
2.960000 1 67.068147 1
3.588000 1 61.154562 1
3.378000 1 60.161788 1
2.194000 1 59.974922 1
2.932000 1 60.022483 1
3.239000 1 60.002992 1
2.940000 1 60.000899 1
3.572000 1 60.000084 1
5.731000 1 59.999977 2
24.388000 1 60.001528 8
23.985000 1 60.001341 6
13.691000 1 60.004492 4
19.549000 1 60.001725 6
13.761000 1 60.028463 4
13.857000 1 60.159378 4
18.310000 1 60.342556 5
45.267000 1 60.424760 14
14.620000 1 60.387709 4
11.528000 1 60.342578 3
10.157000 1 60.368591 3
11.410000 1 60.427666 3
12.173000 1 60.454557 3
18.726000 1 60.491949 5
24.840000 1 60.696369 7
17.665000 1 61.581228 5
15.025000 1 65.392439 4
20.147000 1 72.507917 6
29.858000 1 85.300415 9
30.294000 1 98.892839 9
10.597000 1 88.912960 3
7.410000 1 67.115739 2
4.216000 1 70.226002 1
4.108000 1 63.469786 1
7.112000 1 59.001169 2
4.200000 1 56.914128 1
3.092000 1 55.747937 1
4.586000 1 55.464183 1
3.677000 1 55.427173 1
4.290000 1 55.587498 1
4.508000 1 56.817241 1
3.535000 1 59.446834 1
4.034000 1 64.256308 1
3.841000 1 71.075733 1
2.869000 1 69.017587 1
3.845000 1 94.932666 1
7.144000 1 96.799230 2
26.661000 1 82.886440 8
17.394000 1 69.006725 5
13.604000 1 62.946030 4
18.421000 1 60.156411 5
12.997000 1 60.009304 4
20.422000 1 60.099406 5
53.105000 1 60.135161 17
10.448000 1 60.095026 3
10.745000 1 60.046284 3
9.760000 1 60.038240 3
11.369000 1 60.076314 3
22.719000 1 60.138420 6
30.124000 1 60.178047 7
19.234000 1 60.185447 5
19.969000 1 60.187237 5
11.930000 1 60.488179 3
10.990000 1 62.864919 3
57.738000 1 69.159556 20
14.517000 1 78.462941 5
14.400000 1 77.955301 4
19.062000 1 67.610103 6
34.516000 1 64.620164 11
33.239000 1 64.090493 11
22.554000 1 60.040666 7
15.054000 1 58.694209 5
60.046000 1 57.856821 20
38.672000 1 58.769347 12
10.914000 1 61.728263 3
13.554000 1 66.269550 4
9.816000 1 70.870327 3
11.224000 1 73.244734 3
10.528000 1 75.530209 3
12.230000 1 75.928187 3
21.431000 1 80.532799 3
30.038000 1 89.180428 5
26.815000 1 96.636049 6
11.747000 1 99.839556 3
18.808000 1 83.344538 5
13.517000 1 72.667429 4
29.709000 1 73.468505 8
19.993000 1 67.340569 5
13.052000 1 62.859133 4
20.055000 1 59.199859 6
45.292000 1 57.406739 15
16.146000 1 56.488544 5
28.110000 1 55.866983 8
26.362000 1 55.587516 9
16.651000 1 55.445220 6
11.758000 1 55.402642 4
12.696000 1 55.509422 4
34.266000 1 56.065561 12
32.664000 1 57.672859 11
14.537000 1 61.830510 5
9.974000 1 66.958422 3
14.664000 1 73.942416 4
10.790000 1 75.779880 3
10.382000 1 79.487137 3
11.165000 1 94.832972 3
11.651000 1 90.909961 3
12.264000 1 80.408159 3
18.923000 1 81.734474 5
20.696000 1 94.750171 6
16.229000 1 97.105475 4
18.115000 1 79.497428 5
13.878000 1 72.360018 4
26.463000 1 72.270622 8
18.422000 1 65.883484 5
12.956000 1 61.639754 4
10.149000 1 58.378778 3
6.725000 1 56.781046 2
3.846000 1 56.021831 1
4.627000 1 55.681408 1
3.392000 1 55.459329 1
3.353000 1 55.325274 1
3.230000 1 55.456080 1
4.171000 1 55.691928 1
2.866000 1 55.985259 1
4.435000 1 56.616172 1
3.166000 1 58.189114 1
3.267000 1 60.821937 1
3.704000 1 67.294987 1
3.806000 1 68.074240 1
3.005000 1 70.972416 1
3.614000 1 96.238687 1
3.483000 1 94.295711 1
3.731000 1 77.861755 1
3.556000 1 67.855842 1
3.474000 1 62.569051 1
3.982000 1 60.110865 1
2.973000 1 60.011918 1
6.057000 1 60.005829 2
24.681000 1 59.999791 8
24.506000 1 60.007887 7
16.301000 1 60.006927 5
13.637000 1 60.010743 4
16.871000 1 60.024772 5
14.694000 1 60.015274 4
19.054000 1 60.001186 6
26.062000 1 60.008985 8
24.906000 1 60.011569 8
17.672000 1 60.024061 5
17.064000 1 60.067648 6
42.006000 1 60.102519 14
19.671000 1 60.097804 7
23.840000 1 60.114906 8
32.549000 1 60.110128 11
12.584000 1 61.736271 4
12.378000 1 66.028994 4
11.448000 1 71.517733 4
12.823000 1 80.754593 4
12.509000 1 100.378810 4
12.449000 1 101.215831 4
12.098000 1 78.026481 4
13.492000 1 62.856072 4
11.816000 1 64.695372 4
15.230000 1 60.869139 5
6.923000 1 64.188838 2
3.152000 1 68.796344 1
7.479000 1 79.917563 2
3.009000 1 77.589546 1
3.291000 1 90.919381 1
3.408000 1 116.365944 1
3.806000 1 108.521251 1
8.115000 1 98.319236 2
9.728000 1 93.163962 3
7.670000 1 88.346802 2
10.442000 1 84.607166 3
10.386000 1 80.238612 3
7.423000 1 81.252058 2
7.190000 1 62.956782 2
6.880000 1 71.173754 2
7.198000 1 87.751270 2
8.149000 1 93.219612 2
7.859000 1 74.391363 2
8.095000 1 69.636961 2
7.796000 1 65.848287 2
8.503000 1 64.922928 2
8.616000 1 66.880830 2
9.484000 1 69.726511 2
4.904000 1 71.562220 1
4.621000 1 71.785885 1
4.903000 1 71.283086 1
4.678000 1 71.509610 1
5.752000 1 69.258841 1
6.952000 1 65.418587 1
5.473000 1 63.076526 1
6.120000 1 60.524976 1
5.756000 1 58.436408 1
5.762000 1 56.628769 1
6.363000 1 55.062626 1
5.083000 1 53.739546 1
5.851000 1 52.621216 1
4.630000 1 51.697725 1
5.208000 1 50.955800 1
5.548000 1 50.386225 1
5.629000 1 49.992140 1
4.892000 1 49.754366 1
5.117000 1 49.676912 1
4.694000 1 49.668312 1
5.542000 1 49.668954 1
5.716000 1 49.668382 1
4.793000 1 49.668822 1
5.253000 1 49.668835 1
5.862000 1 49.668219 1
5.458000 1 49.668534 1
5.885000 1 49.668877 1
5.194000 1 49.668679 1
5.152000 1 49.668817 1
5.675000 1 49.668877 1
5.556000 1 49.668283 1
4.580000 1 49.668243 1
3.895000 1 49.668818 1
5.038000 1 49.668979 1
4.305000 1 49.668730 1
4.005000 1 49.669114 1
4.728000 1 49.669168 1
4.422000 1 49.661201 1
3.453000 1 49.688212 1
3.206000 1 49.617643 1
3.540000 1 49.775514 1
3.224000 1 49.521251 1
3.240000 1 49.206008 1
3.394000 1 54.557773 1
2.995000 1 60.050890 1
3.931000 1 60.349380 1
3.122000 1 59.826497 1
3.086000 1 60.062129 1
3.078000 1 59.980016 1
3.402000 1 60.006087 1
3.984000 1 59.999220 1
3.282000 1 59.999220 1
3.101000 1 59.999220 1
3.579000 1 59.999220 1
3.019000 1 59.999220 1
3.134000 1 59.999219 1
3.297000 1 59.999460 1
3.672000 1 59.999251 1
4.083000 1 59.999224 1
4.784000 1 59.999223 1
3.281000 1 59.999221 1
3.879000 1 59.999221 1
4.206000 1 59.999221 1
4.343000 1 59.999221 1
4.410000 1 59.999221 1
4.649000 1 59.999221 1
4.426000 1 59.999221 1
4.942000 1 59.999221 1
4.889000 1 59.998551 1
5.635000 1 60.003722 1
5.286000 1 59.992501 1
5.160000 1 60.003863 1
5.148000 1 60.015378 1
4.768000 1 59.827395 1
3.938000 1 61.061212 1
4.092000 1 57.674907 1
4.693000 1 53.422116 1
5.197000 1 51.316031 1
4.129000 1 52.284054 1
5.088000 1 52.037025 1
4.225000 1 52.089350 1
3.996000 1 52.082751 1
4.471000 1 52.079105 1
3.946000 1 52.082203 1
4.378000 1 52.080878 1
4.696000 1 52.081276 1
3.847000 1 52.081030 1
4.492000 1 52.080980 1
4.440000 1 52.081221 1
5.141000 1 52.081139 1
4.811000 1 52.080968 1
5.571000 1 52.081187 1
5.061000 1 52.081185 1
4.697000 1 52.081057 1
5.394000 1 52.081244 1
5.101000 1 52.081115 1
4.410000 1 52.080692 1
4.886000 1 52.081088 1
4.409000 1 52.081263 1
3.982000 1 52.081214 1
4.117000 1 52.081307 1
4.110000 1 52.081132 1
4.788000 1 52.080648 1
5.052000 1 52.080928 1
4.144000 1 52.081268 1
5.334000 1 52.081377 1
4.010000 1 52.081393 1
4.261000 1 52.081189 1
5.073000 1 52.080685 1
5.110000 1 52.080726 1
4.552000 1 52.081210 1
4.965000 1 52.081451 1
4.269000 1 52.081479 1
3.841000 1 52.081270 1
5.136000 1 52.080775 1
4.077000 1 52.080516 1
4.886000 1 52.081089 1
3.611000 1 52.081511 1
4.358000 1 52.081363 1
3.798000 1 52.081633 1
4.039000 1 52.081119 1
3.646000 1 52.075265 1
2.821000 1 52.096826 1
2.696000 1 52.035142 1
4.182000 1 52.200985 1
3.260000 1 51.864913 1
2.367000 1 51.994156 1
2.814000 1 56.205529 1
2.771000 1 60.337111 1
2.960000 1 60.156093 1
3.321000 1 59.889262 1
2.808000 1 60.044955 1
2.982000 1 59.985265 1
2.973000 1 60.004384 1
2.914000 1 59.999220 1
3.001000 1 59.999220 1
2.982000 1 59.999220 1
3.109000 1 59.999220 1
3.251000 1 59.999220 1
2.948000 1 59.999220 1
3.546000 1 59.999220 1
2.844000 1 59.999220 1
3.033000 1 59.999220 1
3.032000 1 59.999220 1
2.905000 1 59.999220 1
2.391000 1 59.999220 1
2.836000 1 59.999220 1
3.132000 1 59.999220 1
3.453000 1 59.999220 1
3.162000 1 59.999219 1
3.288000 1 59.999243 1
3.451000 1 59.999192 1
29.421000 1 59.999832 9
29.102000 1 59.999250 8
16.693000 1 60.004934 5
20.070000 1 60.077828 6
15.772000 1 60.300527 5
17.687000 1 60.629194 5
34.787000 1 60.848817 10
14.914000 1 60.776372 4
10.298000 1 60.511927 3
12.307000 1 60.281873 3
13.283000 1 60.179567 3
9.782000 1 60.152506 3
11.914000 1 60.183827 3
23.063000 1 60.407980 6
27.248000 1 61.323009 8
17.876000 1 64.242056 5
21.209000 1 69.240799 6
26.778000 1 74.054605 8
13.740000 1 85.893130 4
28.971000 1 99.708384 8
26.413000 1 91.198871 8
7.102000 1 61.621464 2
7.143000 1 64.899530 2
3.782000 1 59.738222 1
7.035000 1 56.649501 2
7.353000 1 55.834742 2
3.766000 1 55.382331 1
4.022000 1 55.386461 1
4.486000 1 55.532807 1
3.384000 1 56.107520 1
4.354000 1 58.010373 1
3.949000 1 61.935306 1
3.675000 1 67.246936 1
3.574000 1 81.545195 1
3.144000 1 71.464168 1
3.611000 1 103.813668 1
4.312000 1 94.009832 1
3.209000 1 82.552407 1
3.168000 1 70.484807 1
3.396000 1 63.315929 1
3.278000 1 60.327026 1
3.723000 1 60.008157 1
