0.000000 0.000000 0.000000 1.000000 0.000000 0.000000 0.000000
0.060000 0.000424 0.012688 1.025758 0.602489 0.057960 0.060249
0.120000 0.002316 0.040180 1.197239 1.000000 -0.008309 0.114709
0.180000 0.004657 0.043492 1.383473 1.000000 0.006490 0.161208
0.240000 0.006892 0.033036 1.523517 0.859109 -0.095041 0.202421
0.300000 0.007924 0.000039 1.599324 0.476260 0.037682 0.240706
0.360000 0.009246 0.022056 1.600000 0.126454 0.210219 0.278073
0.420000 0.012633 0.089165 1.600000 0.442062 -0.142904 0.315758
0.480000 0.015512 0.054887 1.600000 0.150382 -0.144243 0.353203
0.540000 0.017276 0.007073 1.600000 0.430783 0.231633 0.390791
0.600000 0.020851 0.074848 1.600000 0.191127 0.106083 0.428304
0.660000 0.025909 0.119042 1.600000 0.407628 -0.270613 0.465974
0.720000 0.029262 0.041053 1.600000 0.193697 -0.028291 0.503501
0.780000 0.030514 -0.033537 1.600000 0.423535 -0.198115 0.541056
0.840000 0.026688 -0.160040 1.599032 0.688202 -0.557210 0.578618
0.900000 0.014784 -0.357666 1.600000 0.891133 -0.535446 0.616949
0.960000 -0.007524 -0.587215 1.597800 0.766159 -0.469653 0.656966
1.020000 -0.043707 -0.835769 1.552869 0.612044 -0.458247 0.701402
1.080000 -0.076525 -0.796196 1.499195 0.638535 -0.425375 0.738394
1.140000 -0.100245 -0.703737 1.461925 0.651205 -0.400018 0.769031
1.200000 -0.116698 -0.581624 1.438945 0.681412 -0.381219 0.795000
1.260000 -0.127359 -0.440360 1.427141 0.716224 -0.383331 0.817642
1.320000 -0.133264 -0.288101 1.422883 0.748927 -0.387786 0.838185
1.380000 -0.135000 -0.131400 1.422310 0.775615 -0.429138 0.857732
1.440000 -0.132718 0.023627 1.422886 0.794347 -0.458405 0.877351
1.500000 -0.126131 0.171016 1.425990 0.805940 -0.447880 0.898143
1.560000 -0.114479 0.304168 1.431712 0.809975 -0.457199 0.921344
1.620000 -0.096502 0.414875 1.441512 0.807037 -0.409348 0.948470
1.680000 -0.070555 0.494354 1.451201 0.795556 -0.455689 0.981293
1.740000 -0.034924 0.542799 1.493883 0.820154 -0.095723 1.021589
1.800000 0.018389 0.728897 1.600000 0.778491 0.410872 1.072248
1.860000 0.064056 0.675537 1.600000 0.386608 0.600000 1.113510
1.920000 0.093150 0.659520 1.545179 0.486731 0.540226 1.145440
1.980000 0.112478 0.601959 1.509219 0.656030 0.460931 1.171755
2.040000 0.124933 0.509724 1.484129 0.589805 0.363758 1.194329
2.100000 0.132133 0.393731 1.458511 0.557167 0.316014 1.214687
2.160000 0.135000 0.262684 1.433142 0.549776 0.289981 1.234076
2.220000 0.133943 0.122876 1.410558 0.565918 0.255233 1.253558
2.280000 0.128931 -0.022052 1.395493 0.609229 0.212410 1.274123
2.340000 0.119500 -0.170149 1.390491 0.681398 0.241256 1.296790
2.400000 0.104770 -0.316288 1.400069 0.774062 0.262702 1.322712
2.460000 0.083315 -0.449464 1.424410 0.856268 0.383725 1.353185
2.520000 0.052960 -0.554319 1.489661 0.923148 0.126302 1.389698
2.580000 0.005644 -0.735611 1.600000 0.735716 -0.330354 1.435364
2.640000 -0.045484 -0.689607 1.600000 0.375926 -0.600000 1.481659
2.700000 -0.078626 -0.686079 1.540933 0.502819 -0.515246 1.517206
2.760000 -0.101259 -0.641477 1.468085 0.208249 -0.499499 1.546663
2.820000 -0.116446 -0.563831 1.368067 0.080636 -0.471095 1.572743
2.880000 -0.126272 -0.464322 1.279476 0.325340 -0.454520 1.597214
2.940000 -0.132189 -0.348805 1.226074 0.561575 -0.441760 1.620837
3.000000 -0.135000 -0.221475 1.197864 0.619625 -0.433853 1.643988
3.060000 -0.135000 -0.087457 1.185197 0.689386 -0.431519 1.667137
3.120000 -0.132166 0.047397 1.187874 0.756134 -0.444961 1.690787
3.180000 -0.126188 0.176171 1.204314 0.806224 -0.444461 1.715516
3.240000 -0.116460 0.291773 1.233979 0.835123 -0.416758 1.742040
3.300000 -0.102030 0.388979 1.276813 0.847994 -0.369743 1.771251
3.360000 -0.081514 0.466919 1.333975 0.857708 -0.304467 1.804245
3.420000 -0.053171 0.314310 1.423955 0.887812 -0.239026 1.849971
3.480000 -0.033655 0.139819 1.513850 0.927277 -0.241059 1.892972
3.540000 -0.024356 -0.018424 1.581216 0.929606 -0.366309 1.932182
3.600000 -0.024388 -0.190269 1.600000 0.655235 -0.395857 1.969816
3.660000 -0.033543 -0.361895 1.600000 0.443637 -0.015741 2.007828
3.720000 -0.049158 -0.406966 1.600000 0.278212 0.314091 2.046527
3.780000 -0.066134 -0.296812 1.600000 0.299603 -0.076019 2.085538
3.840000 -0.085244 -0.310115 1.600000 0.540275 -0.469433 2.124879
3.900000 -0.111649 -0.516265 1.600000 0.814393 -0.600000 2.166458
3.960000 -0.125261 -0.408704 1.600000 0.796916 -0.546696 2.187928
4.020000 -0.132615 -0.286937 1.600000 0.794510 -0.429215 2.206616
4.080000 -0.135000 -0.155928 1.600000 0.732991 -0.355887 2.224064
4.140000 -0.132811 -0.020053 1.600000 0.691937 -0.227212 2.241496
4.200000 -0.125718 0.118435 1.598931 0.673158 -0.232132 2.260097
4.260000 -0.112691 0.254683 1.600000 0.683306 -0.121309 2.281359
4.320000 -0.089086 0.086520 1.600000 0.762842 -0.337920 2.322199
4.380000 -0.077414 -0.043410 1.600000 0.459909 -0.016098 2.360470
4.440000 -0.072447 -0.062386 1.600000 0.276242 0.339761 2.398050
4.500000 -0.068141 0.062672 1.600000 0.300925 -0.036702 2.435696
4.560000 -0.063425 0.123130 1.600000 0.245290 0.061329 2.473287
4.620000 -0.055465 0.196688 1.600000 0.612251 0.431697 2.511143
4.680000 -0.040459 0.368629 1.600000 0.786873 0.578328 2.549816
4.740000 -0.015393 0.599409 1.600000 0.818017 0.458609 2.590520
4.800000 0.023752 0.854327 1.586994 0.701601 0.383160 2.635470
4.860000 0.061765 0.827736 1.548476 0.650972 0.417390 2.675247
4.920000 0.089470 0.750251 1.500509 0.574527 0.415718 2.708055
4.980000 0.108843 0.639319 1.435002 0.296173 0.444564 2.735891
5.040000 0.121734 0.508935 1.344752 0.048080 0.440748 2.760829
5.100000 0.129711 0.368805 1.258599 0.256158 0.486373 2.784536
5.160000 0.133932 0.224563 1.205231 0.489068 0.485256 2.807827
5.220000 0.134997 0.080875 1.188025 0.721130 0.499861 2.831033
5.280000 0.133005 -0.057227 1.197535 0.822852 0.500193 2.854422
5.340000 0.127666 -0.184181 1.219979 0.841035 0.487019 2.878554
5.400000 0.118404 -0.294755 1.249911 0.841143 0.447139 2.904297
5.460000 0.104336 -0.385845 1.289008 0.834273 0.374274 2.932698
5.520000 0.084127 -0.460419 1.342710 0.839733 0.274051 2.964931
5.580000 0.055958 -0.564583 1.413721 0.877432 0.216828 3.001019
5.640000 0.018421 -0.375542 1.514156 0.934867 0.260487 3.049422
5.700000 -0.005615 -0.203378 1.576224 0.920700 0.442746 3.091195
5.760000 -0.018892 -0.021895 1.600000 0.592991 0.206800 3.129881
5.820000 -0.023999 0.102625 1.600000 0.217133 -0.169058 3.167466
5.880000 -0.026510 0.029523 1.589650 0.537449 -0.545861 3.205147
5.940000 -0.033452 -0.212776 1.600000 0.917073 -0.594586 3.243109
6.000000 -0.049388 -0.492634 1.598709 0.701714 -0.449489 3.281862
6.060000 -0.078072 -0.783424 1.535875 0.533358 -0.430863 3.324420
6.120000 -0.099449 -0.723881 1.446961 0.237000 -0.408310 3.354056
6.180000 -0.114071 -0.628098 1.343758 0.212102 -0.393703 3.380760
6.240000 -0.123741 -0.511841 1.231673 0.012333 -0.412761 3.406228
6.300000 -0.129744 -0.383860 1.116465 0.130249 -0.438968 3.431935
6.360000 -0.133242 -0.249023 1.033892 0.397518 -0.480156 3.458662
6.420000 -0.135000 -0.112337 1.004637 0.671901 -0.525135 3.486100
6.480000 -0.134999 0.016970 1.022173 0.847253 -0.552160 3.513380
6.540000 -0.132702 0.131090 1.060665 0.868075 -0.552265 3.540210
6.600000 -0.127551 0.227677 1.104174 0.858648 -0.517822 3.567168
6.660000 -0.118983 0.308015 1.151759 0.840295 -0.450213 3.595133
6.720000 -0.106231 0.376297 1.206264 0.829705 -0.360536 3.625065
6.780000 -0.088091 0.440882 1.272577 0.843851 -0.270960 3.658021
6.840000 -0.062682 0.512478 1.355693 0.890093 -0.224979 3.695189
6.900000 -0.030370 0.330798 1.476306 0.960669 -0.200491 3.743381
6.960000 -0.009741 0.179255 1.571694 0.978847 -0.334189 3.784985
7.020000 0.001181 0.009692 1.600000 0.672483 -0.465701 3.823295
7.080000 0.002983 -0.171809 1.600000 0.515996 -0.089556 3.860909
7.140000 -0.001997 -0.254132 1.600000 0.225111 0.285987 3.898464
7.200000 -0.008700 -0.155912 1.600000 0.378576 0.117038 3.936295
7.260000 -0.015037 -0.068803 1.600000 0.160226 -0.123408 3.973912
7.320000 -0.021364 -0.082681 1.600000 0.384328 -0.011814 4.011712
7.380000 -0.027422 -0.103330 1.600000 0.143807 0.000811 4.049316
7.440000 -0.033491 -0.106104 1.600000 0.384717 0.035500 4.087094
7.500000 -0.039704 -0.107507 1.600000 0.163823 -0.124970 4.124704
7.560000 -0.046658 -0.121320 1.600000 0.432648 0.253149 4.162516
7.620000 -0.051264 -0.047070 1.600000 0.170727 0.007956 4.200077
7.680000 -0.055291 -0.045292 1.600000 0.510965 -0.368354 4.237708
7.740000 -0.063401 -0.199732 1.600000 0.609039 -0.512284 4.275530
7.800000 -0.079408 -0.430353 1.600000 0.650881 -0.314804 4.314419
7.860000 -0.106482 -0.672354 1.600000 0.742457 -0.366534 4.355732
7.920000 -0.122017 -0.553929 1.599995 0.712795 -0.224441 4.378232
7.980000 -0.131078 -0.409315 1.600000 0.709418 -0.273505 4.397539
8.040000 -0.135000 -0.250497 1.599249 0.718433 -0.223370 4.415220
8.100000 -0.134335 -0.084077 1.600000 0.737930 -0.267023 4.432488
8.160000 -0.129002 0.082963 1.600000 0.761537 -0.300033 4.450506
8.220000 -0.118248 0.243735 1.600000 0.786450 -0.347499 4.470562
8.280000 -0.097909 0.096132 1.600000 0.816899 -0.408480 4.509638
8.340000 -0.087735 -0.059478 1.600000 0.539684 -0.160123 4.547712
8.400000 -0.085671 -0.151472 1.600000 0.269252 0.214982 4.585223
8.460000 -0.086373 -0.075700 1.600000 0.363780 0.222005 4.622778
8.520000 -0.085760 0.057690 1.600000 0.199808 0.045056 4.660232
8.580000 -0.082754 0.120138 1.600000 0.356274 -0.076848 4.697837
8.640000 -0.077948 0.119444 1.600000 0.213270 0.112455 4.735396
8.700000 -0.070787 0.147251 1.600000 0.344799 -0.004922 4.773227
