164.346000 0 0.000000 15
113.876000 1 198.941269 13
81.839000 1 128.634045 9
35.234000 1 102.315033 3
37.003000 1 87.579056 3
35.361000 1 77.825577 3
35.799000 1 70.777970 3
39.161000 1 65.366988 3
38.109000 1 61.539410 3
37.359000 1 60.101210 3
39.273000 1 60.100793 3
42.136000 1 60.101154 3
39.792000 1 60.101711 3
38.229000 1 60.102506 3
41.325000 1 60.102279 3
42.815000 1 60.100559 3
40.156000 1 60.098540 3
41.853000 1 60.099040 3
37.479000 1 60.103791 3
42.296000 1 60.109782 3
49.936000 1 60.108856 4
123.545000 1 60.096103 10
76.200000 1 60.080771 6
59.810000 1 60.081998 5
116.583000 1 60.116932 10
59.981000 1 60.169666 5
81.376000 1 60.157415 7
161.927000 1 60.075350 15
45.451000 1 60.024215 4
56.285000 1 60.013372 5
55.192000 1 60.629679 5
154.679000 1 63.618566 15
34.340000 1 69.502880 3
35.659000 1 78.294249 3
35.941000 1 94.171033 3
34.627000 1 70.655704 3
40.376000 1 68.082549 3
36.616000 1 64.818654 3
36.072000 1 61.211610 3
38.034000 1 59.114178 3
40.209000 1 58.230465 3
40.743000 1 58.037013 3
42.181000 1 58.029146 3
39.949000 1 58.058143 3
38.726000 1 58.043309 3
39.132000 1 58.034674 3
38.461000 1 58.030200 3
84.468000 1 58.049933 8
62.506000 1 58.084627 6
70.913000 1 58.059334 6
94.327000 1 58.020067 9
61.028000 1 58.197817 5
57.317000 1 59.116943 5
142.888000 1 61.727515 14
63.169000 1 65.891472 6
50.373000 1 70.599595 5
51.728000 1 75.108679 5
177.257000 1 78.606922 18
51.726000 1 81.166752 5
44.383000 1 84.221034 4
33.104000 1 93.327049 3
37.550000 1 89.935807 3
33.511000 1 81.562707 3
35.836000 1 76.628733 3
35.323000 1 73.335715 3
34.679000 1 71.259879 3
38.269000 1 68.646957 3
37.773000 1 64.755281 3
35.567000 1 61.040582 3
35.007000 1 58.980997 3
36.537000 1 58.180802 3
32.394000 1 58.022811 3
43.223000 1 58.044245 4
44.134000 1 58.086767 4
22.617000 1 58.087391 2
12.091000 1 58.060061 1
12.447000 1 58.011978 1
12.222000 1 58.198468 1
115.839000 1 59.095237 11
12.431000 1 61.663195 1
12.687000 1 65.611295 1
11.812000 1 70.002750 1
14.218000 1 74.264496 1
15.033000 1 77.274548 1
13.078000 1 79.753025 1
13.046000 1 82.994873 1
15.345000 1 90.695253 1
13.928000 1 90.793676 1
13.410000 1 82.207762 1
11.883000 1 77.434865 1
146.904000 1 74.059271 12
52.291000 1 71.735537 4
80.000000 1 69.703756 6
56.274000 1 66.313641 4
52.936000 1 62.269564 4
71.777000 1 59.618571 6
152.631000 1 58.389481 13
39.517000 1 58.045420 3
39.996000 1 58.022989 3
44.219000 1 58.047854 3
40.401000 1 58.069411 3
38.532000 1 58.042146 3
36.608000 1 58.028620 3
67.548000 1 58.054200 6
132.363000 1 58.076100 13
71.697000 1 58.044471 7
34.370000 1 58.085177 3
41.298000 1 58.486349 4
25.106000 1 59.890865 2
24.032000 1 62.059004 2
13.250000 1 64.093970 1
11.678000 1 65.355164 1
12.593000 1 66.975258 1
12.564000 1 86.938834 1
12.285000 1 80.184903 1
14.876000 1 71.209026 1
12.220000 1 65.500362 1
11.221000 1 61.541701 1
12.457000 1 60.002729 1
12.183000 1 60.001019 1
90.228000 1 60.000596 8
59.342000 1 60.002212 5
46.473000 1 60.030912 4
84.149000 1 60.082404 8
46.142000 1 60.096758 4
61.585000 1 61.526755 4
65.961000 1 65.446248 4
137.434000 1 71.428453 12
98.152000 1 80.279096 9
35.938000 1 99.204173 3
39.519000 1 66.266223 3
41.114000 1 66.631996 3
40.696000 1 63.187807 3
41.957000 1 59.885765 3
37.763000 1 58.275371 3
43.223000 1 57.968166 3
41.221000 1 58.507546 3
40.898000 1 60.254096 3
38.623000 1 63.953431 3
38.121000 1 68.510345 3
38.523000 1 72.255590 3
41.156000 1 73.972268 3
39.160000 1 73.988073 3
37.427000 1 88.501001 3
36.407000 1 72.256965 3
45.171000 1 64.293823 4
115.375000 1 61.141014 10
60.741000 1 60.856061 5
92.294000 1 60.959366 8
71.806000 1 61.196112 6
40.316000 1 61.357060 3
28.098000 1 61.207906 2
27.688000 1 60.930917 2
14.686000 1 60.706224 1
27.565000 1 60.712628 2
15.826000 1 61.148095 1
12.573000 1 63.403913 1
14.252000 1 69.020092 1
13.747000 1 78.089113 1
16.080000 1 92.777769 1
15.638000 1 72.304074 1
50.297000 1 70.390658 4
33.491000 1 67.328916 2
93.222000 1 63.317379 8
59.483000 1 60.212111 5
61.155000 1 58.632079 5
109.140000 1 58.105378 9
49.889000 1 58.019104 4
59.540000 1 58.050775 5
61.702000 1 58.067216 5
238.138000 1 58.052582 20
52.851000 1 58.029991 4
38.934000 1 58.034726 3
39.402000 1 58.038177 3
40.122000 1 58.025567 3
36.385000 1 58.062235 3
38.293000 1 58.087990 3
39.849000 1 58.068073 3
41.016000 1 58.011686 3
40.339000 1 58.211175 3
39.331000 1 59.191387 3
40.111000 1 62.000976 3
36.279000 1 66.643020 3
37.552000 1 71.845061 3
39.694000 1 75.546154 3
38.027000 1 74.568203 3
38.395000 1 95.234096 3
40.126000 1 75.015213 3
45.191000 1 65.564193 4
65.141000 1 61.738556 6
88.425000 1 61.104447 8
96.686000 1 60.984093 9
47.302000 1 61.103518 4
24.895000 1 61.259640 2
25.673000 1 61.228961 2
14.859000 1 61.018851 1
13.553000 1 60.823766 1
16.815000 1 60.811197 1
14.411000 1 61.179893 1
13.255000 1 63.940607 1
12.730000 1 70.327995 1
12.737000 1 80.534284 1
13.943000 1 89.087269 1
14.690000 1 71.464540 1
15.341000 1 69.350714 1
15.078000 1 66.126275 1
13.338000 1 62.181562 1
14.130000 1 59.584584 1
13.153000 1 58.377071 1
13.519000 1 58.049923 1
13.263000 1 58.017397 1
13.149000 1 58.051828 1
12.332000 1 58.061082 1
13.895000 1 58.043711 1
10.000000 1 58.033473 1
11.021000 1 58.033019 1
11.140000 1 58.037567 1
10.135000 1 58.032115 1
9.025000 1 58.031434 1
9.070000 1 58.056268 1
8.571000 1 58.093500 1
8.655000 1 58.061443 1
108.026000 1 58.028706 11
53.828000 1 58.274674 5
46.114000 1 59.407756 4
48.501000 1 62.029873 4
41.502000 1 65.534285 4
51.348000 1 68.553035 5
165.581000 1 68.757356 16
41.267000 1 98.008480 4
32.491000 1 79.327102 3
34.143000 1 69.376252 3
34.828000 1 63.346987 3
34.302000 1 60.521152 3
48.538000 1 60.029800 4
46.375000 1 60.026395 4
22.707000 1 60.009203 2
14.418000 1 60.002501 1
11.210000 1 60.005150 1
136.112000 1 60.007083 13
21.808000 1 60.004877 2
13.309000 1 60.001766 1
12.686000 1 60.001548 1
12.747000 1 60.001259 1
14.301000 1 60.001700 1
13.891000 1 60.002841 1
14.744000 1 60.003586 1
11.980000 1 60.001991 1
14.140000 1 60.000513 1
11.491000 1 60.000911 1
13.279000 1 60.001844 1
14.380000 1 60.016001 1
17.633000 1 60.024423 1
11.184000 1 60.006487 1
10.992000 1 60.008407 1
12.199000 1 60.042669 1
11.625000 1 60.045064 1
10.758000 1 61.233276 1
9.016000 1 64.957511 1
9.558000 1 71.208658 1
10.666000 1 80.851679 1
8.411000 1 98.885194 1
9.479000 1 66.625536 1
9.657000 1 67.069523 1
11.162000 1 63.597425 1
8.511000 1 60.565082 1
9.102000 1 58.893242 1
9.639000 1 58.162974 1
10.954000 1 58.020966 1
10.292000 1 58.541746 1
9.623000 1 60.358596 1
7.971000 1 62.890534 1
8.792000 1 65.052732 1
9.189000 1 66.185322 1
7.743000 1 67.582336 1
6.462000 1 91.658198 1
7.281000 1 77.848963 1
7.901000 1 69.698113 1
5.668000 1 64.347633 1
6.999000 1 61.061329 1
7.427000 1 60.003290 1
5.078000 1 60.000628 1
5.519000 1 60.000539 1
6.131000 1 60.000440 1
6.076000 1 60.000438 1
85.341000 1 60.000435 10
56.142000 1 60.001058 6
40.837000 1 60.019287 4
35.383000 1 60.047497 4
38.209000 1 60.041326 4
35.863000 1 60.015353 4
173.731000 1 60.003982 20
