0.000000 0.000000 0.000000 1.000000 0.000000 0.000000 0.000000 0.000010 10.000000 0.962013
0.060000 0.000424 0.012688 1.025758 0.602489 0.057960 0.060249 0.000010 7.297697 -0.710451
0.120000 0.002489 0.045568 1.197055 1.000000 0.019261 0.114720 0.000010 0.000000 -0.204578
0.180000 0.005621 0.062386 1.383330 1.000000 0.009742 0.161253 0.000010 -3.312253 -1.655193
0.240000 0.009140 0.061913 1.524744 0.863377 -0.058531 0.202500 0.000010 -10.000000 5.163286
0.300000 0.012524 0.056206 1.600000 0.480404 0.139209 0.240798 0.000010 -10.000000 -1.033196
0.360000 0.017690 0.110929 1.600000 0.105270 0.100452 0.278311 0.000010 9.097907 -6.846092
0.420000 0.024709 0.153279 1.600000 0.449833 -0.158832 0.316184 0.000010 -9.366063 4.501549
0.480000 0.031339 0.113196 1.600003 0.097516 0.010511 0.353800 0.000010 8.974047 -1.980298
0.540000 0.037566 0.084760 1.600001 0.436915 -0.064384 0.391620 0.000010 -7.068934 -2.932503
0.600000 0.041902 0.036788 1.600009 0.171936 -0.174308 0.429105 0.000010 6.698190 4.120650
0.660000 0.042911 -0.041367 1.600000 0.423935 -0.019282 0.466727 0.000010 -7.736219 4.635211
0.720000 0.041892 -0.061113 1.600002 0.134634 0.154055 0.504122 0.000010 8.545712 -10.000000
0.780000 0.040563 -0.032205 1.600000 0.455895 -0.221877 0.541715 0.000010 4.967281 -10.000000
0.840000 0.035711 -0.126827 1.600000 0.642511 -0.597569 0.579285 0.000010 6.257129 1.203225
0.900000 0.023760 -0.332411 1.600000 0.882386 -0.551442 0.617621 0.000010 -3.089787 2.258295
0.960000 0.001790 -0.577444 1.600000 0.759063 -0.461306 0.657534 -0.004901 -2.680264 0.833837
1.020000 -0.033894 -0.838870 1.560661 0.640721 -0.424489 0.701687 -3.861335 -1.074270 -0.047565
1.080000 -0.068070 -0.814880 1.501899 0.599400 -0.426318 0.740149 -4.000210 -6.511280 -0.053827
1.140000 -0.093255 -0.734152 1.430461 0.387915 -0.428064 0.772612 -4.000123 8.703787 -0.337571
1.200000 -0.111191 -0.622328 1.373887 0.634603 -0.437632 0.800953 -4.000029 2.148682 -0.393426
1.260000 -0.123527 -0.489346 1.348256 0.688417 -0.447484 0.825999 -4.000005 2.215911 -0.259610
1.320000 -0.131263 -0.343761 1.336399 0.738568 -0.453359 0.848633 -4.000051 1.895567 0.084621
1.380000 -0.135000 -0.192545 1.334966 0.778666 -0.451567 0.869787 -4.000166 1.371898 0.474232
1.440000 -0.135000 -0.041392 1.341440 0.806915 -0.441800 0.890380 -4.000351 0.818483 0.901453
1.500000 -0.131169 0.104568 1.354438 0.824081 -0.422894 0.911352 -4.000606 0.366779 1.353524
1.560000 -0.123016 0.240246 1.373807 0.832293 -0.392592 0.933740 -4.000354 0.115208 1.627546
1.620000 -0.109568 0.360521 1.400562 0.835176 -0.351865 0.958763 -4.000167 0.134301 1.586463
1.680000 -0.089270 0.461181 1.436778 0.839090 -0.305632 0.987906 -4.000037 0.407117 1.101190
1.740000 -0.059912 0.540412 1.485498 0.853352 -0.267056 1.022936 -3.995949 3.432822 0.812152
1.800000 -0.018726 0.599503 1.564337 1.000000 -0.232362 1.065656 0.000000 0.000000 0.000000
0.780000 0.040568 -0.032152 1.599857 0.455916 -0.221901 0.541731 0.000010 4.561389 -10.000000
0.840000 0.035717 -0.126842 1.598477 0.627348 -0.597734 0.579315 0.000010 7.161789 1.492945
0.900000 0.023752 -0.332667 1.600000 0.902172 -0.540444 0.617688 0.000010 -3.598671 1.224030
0.960000 0.001761 -0.577706 1.600000 0.758610 -0.491614 0.657581 -0.004901 -2.777520 1.030086
1.020000 -0.033944 -0.840037 1.554521 0.635710 -0.446035 0.701829 -3.861335 -1.007175 0.516376
1.080000 -0.068207 -0.817341 1.492887 0.596747 -0.426059 0.740514 -4.000210 0.379697 0.195723
1.140000 -0.093588 -0.737004 1.440076 0.609113 -0.419685 0.773080 -4.000123 1.372127 -0.039698
1.200000 -0.111724 -0.623549 1.402900 0.647402 -0.420792 0.800985 -4.000029 1.895170 -0.116984
1.260000 -0.124040 -0.488638 1.380830 0.693640 -0.423647 0.825383 -4.000005 1.994021 -0.058695
1.320000 -0.131580 -0.341075 1.370840 0.737456 -0.424936 0.847357 -4.000051 1.774075 0.124777
1.380000 -0.135000 -0.187612 1.369938 0.773930 -0.422371 0.867916 -4.000166 1.371897 0.407405
1.440000 -0.134567 -0.033809 1.376088 0.801518 -0.414178 0.888026 -4.000351 0.911030 0.629618
1.500000 -0.130154 0.115187 1.388230 0.820318 -0.401185 0.908662 -4.000606 0.471490 0.555326
1.560000 -0.121194 0.253918 1.405737 0.830809 -0.388829 0.930913 -4.000354 0.164049 1.422944
1.620000 -0.106604 0.376173 1.429748 0.834939 -0.353010 0.956085 -4.000167 -0.120597 -1.145718
1.680000 -0.084725 0.474933 1.456649 0.831356 -0.387047 0.985794 -4.000037 0.894959 8.919904
1.740000 -0.053237 0.551023 1.514813 0.863681 -0.064876 1.021912 -3.995949 -5.483606 10.000000
1.800000 -0.003311 0.749315 1.600000 0.608908 0.399732 1.068373 4.518115 -0.998801 4.297187
1.860000 0.049427 0.724830 1.600000 0.562359 0.600000 1.114978 4.001503 5.776322 -4.884487
1.920000 0.083478 0.728298 1.582819 0.764124 0.429385 1.149908 4.000278 -4.243286 -0.018304
1.980000 0.106474 0.675258 1.566932 0.646835 0.428880 1.177549 4.000509 -2.928679 -3.637876
2.040000 0.121487 0.581730 1.537901 0.579261 0.344942 1.200622 4.000431 -1.635640 -1.843552
2.100000 0.130530 0.461871 1.508252 0.545950 0.307397 1.220988 4.000220 -0.445379 -1.388921
2.160000 0.134830 0.325635 1.479293 0.537476 0.280970 1.240014 4.000079 0.689453 -0.703405
2.220000 0.135000 0.179985 1.452367 0.550443 0.267741 1.258822 4.000007 1.771810 -1.003341
2.280000 0.131159 0.029887 1.429735 0.585210 0.248053 1.278445 4.000006 2.777839 -0.346964
2.340000 0.122982 -0.121306 1.415318 0.644904 0.240597 1.299934 4.000074 3.503519 0.145303
2.400000 0.109692 -0.270636 1.415022 0.730747 0.244157 1.324436 4.000213 3.521290 0.386475
2.460000 0.089946 -0.413330 1.437577 0.832075 0.255278 1.353212 4.000425 2.489065 0.308232
2.520000 0.061533 -0.538691 1.490454 0.917886 0.265905 1.387687 3.994591 1.959162 -0.174785
2.580000 0.021008 -0.628729 1.578147 1.000000 0.258579 1.429600 -4.241003 0.000000 0.000000
1.560000 -0.121193 0.253919 1.405740 0.830809 -0.388829 0.930913 -4.000354 0.120248 0.770422
1.620000 -0.106608 0.375964 1.428606 0.833836 -0.369431 0.956090 -4.000167 -0.186590 -0.562745
1.680000 -0.084772 0.473571 1.454080 0.828289 -0.386163 0.985823 -4.000037 0.940262 9.098546
1.740000 -0.053377 0.549203 1.512523 0.862261 -0.057427 1.021954 -3.995949 -4.945998 10.000000
1.800000 -0.003462 0.751708 1.600000 0.632373 0.407378 1.068434 4.518115 -1.752167 4.123507
1.860000 0.049566 0.731327 1.600000 0.550521 0.600000 1.115147 4.001503 6.038679 -6.550928
1.920000 0.083857 0.735071 1.586034 0.761733 0.370858 1.150125 4.000278 -3.879209 0.050953
1.980000 0.106941 0.677949 1.578060 0.655087 0.372265 1.177617 4.000509 -2.586717 -2.487058
2.040000 0.121931 0.578899 1.555563 0.596137 0.315590 1.200406 4.000431 -1.369227 -1.044037
2.100000 0.130871 0.453498 1.530777 0.568722 0.294686 1.220428 4.000220 -0.287687 -0.853442
2.160000 0.135000 0.312271 1.505869 0.563352 0.278760 1.239090 4.000079 0.743210 -0.957238
2.220000 0.134914 0.162338 1.482968 0.577057 0.261108 1.257531 4.000007 1.711068 -0.325965
2.280000 0.130681 0.008646 1.463843 0.610031 0.254826 1.276802 4.000006 2.519298 0.445182
2.340000 0.121892 -0.144677 1.450619 0.663468 0.264268 1.298013 4.000074 3.050205 -0.014134
2.400000 0.107646 -0.293230 1.448877 0.737920 0.263924 1.322422 4.000213 2.803395 2.776158
2.460000 0.086483 -0.430002 1.461489 0.819361 0.344569 1.351472 4.000425 2.595594 -7.157252
2.520000 0.056136 -0.546824 1.518037 0.910959 0.091994 1.386762 3.994591 -8.507723 -10.000000
2.580000 0.008126 -0.750514 1.600000 0.527114 -0.359152 1.431876 -4.241003 1.850163 -5.032557
2.640000 -0.045808 -0.731797 1.600000 0.615625 -0.600000 1.479734 -3.999624 4.639950 4.413477
2.700000 -0.081040 -0.733529 1.587970 0.781183 -0.442559 1.515412 -4.000021 -4.183524 0.000821
2.760000 -0.104864 -0.680341 1.573343 0.663728 -0.442533 1.543487 -3.999996 -2.927484 3.262792
2.820000 -0.120456 -0.586811 1.544950 0.595477 -0.366464 1.566801 -4.000041 -1.692209 2.269179
2.880000 -0.129924 -0.467014 1.515967 0.560832 -0.320011 1.587275 -4.000157 -0.543681 1.515784
2.940000 -0.134554 -0.330758 1.488126 0.550490 -0.291175 1.606300 -4.000342 0.543461 0.887015
3.000000 -0.135000 -0.185009 1.462358 0.560659 -0.274582 1.625011 -4.000597 1.589635 1.123101
3.060000 -0.131406 -0.034794 1.440690 0.591553 -0.252755 1.644445 -4.000351 2.579219 0.560613
3.120000 -0.123458 0.116380 1.426725 0.646279 -0.240866 1.665663 -4.000162 3.335147 -0.010400
3.180000 -0.110372 0.265618 1.425965 0.726865 -0.241122 1.689826 -4.000044 3.462337 -0.340476
3.240000 -0.090792 0.408565 1.446753 0.825211 -0.250793 1.718231 -3.999997 2.573581 -0.336092
3.300000 -0.062511 0.535370 1.497054 0.913018 -0.262261 1.752349 -4.001153 2.091278 0.157909
3.360000 -0.022080 0.628899 1.582784 1.000000 -0.255677 1.793941 -0.945333 0.000000 0.000000
2.100000 0.130874 0.453482 1.530781 0.568733 0.294682 1.220429 4.000220 -0.190435 -2.786080
2.160000 0.135000 0.311991 1.507714 0.565180 0.242712 1.239082 4.000079 0.828095 2.579936
2.220000 0.134896 0.161027 1.485403 0.580425 0.290208 1.257492 4.000007 1.634109 -1.187875
2.280000 0.130643 0.007064 1.464592 0.611897 0.267331 1.276751 4.000006 2.401399 0.746287
2.340000 0.121837 -0.145661 1.449882 0.662856 0.283167 1.297972 4.000074 2.870728 -0.127677
2.400000 0.107593 -0.292456 1.445702 0.733043 0.280046 1.322421 4.000213 2.586150 3.364384
2.460000 0.086504 -0.425927 1.453415 0.808389 0.378064 1.351555 4.000425 2.478844 -8.303711
2.520000 0.056480 -0.537763 1.505328 0.896153 0.084068 1.386961 3.994591 -5.221324 -10.000000
2.580000 0.009249 -0.741778 1.600000 0.661428 -0.365494 1.431917 -4.241003 -3.618733 -4.919884
2.640000 -0.044220 -0.724909 1.600000 0.488942 -0.600000 1.479582 -3.999624 7.803572 2.920215
2.700000 -0.079272 -0.729939 1.570952 0.770044 -0.494804 1.515605 -4.000021 -4.157331 0.374712
2.760000 -0.103200 -0.681640 1.547865 0.650651 -0.484046 1.544324 -3.999996 -2.838199 2.715934
2.820000 -0.119051 -0.592850 1.511865 0.582397 -0.418730 1.568372 -4.000041 -1.596361 2.319052
2.880000 -0.128874 -0.477762 1.475664 0.548493 -0.369476 1.589610 -4.000157 -0.430896 1.833208
2.940000 -0.133960 -0.346229 1.441966 0.539970 -0.333223 1.609387 -4.000342 0.675431 1.258229
3.000000 -0.135000 -0.205048 1.411994 0.553079 -0.308802 1.628794 -4.000597 1.700814 0.876993
3.060000 -0.132223 -0.059118 1.387362 0.587132 -0.291244 1.648816 -4.000351 2.590562 0.339060
3.120000 -0.125459 0.087749 1.371034 0.643126 -0.283915 1.670430 -4.000162 3.178615 -0.066551
3.180000 -0.114154 0.231971 1.367962 0.720152 -0.285530 1.694663 -4.000044 3.131827 -0.262125
3.240000 -0.097300 0.368395 1.384871 0.807666 -0.292858 1.722606 -3.999997 2.221767 -0.321387
3.300000 -0.073256 0.487387 1.426687 0.880675 -0.303419 1.755467 -4.001153 0.918566 0.053053
3.360000 -0.039587 0.573926 1.492469 0.916694 -0.301339 1.794682 -0.945333 -0.276365 -1.101291
3.420000 0.000342 0.430695 1.563850 0.903827 -0.352612 1.841240 -0.003236 -1.226182 -1.440953
3.480000 0.028698 0.232198 1.600000 0.852412 -0.413034 1.883171 0.000010 -7.253292 3.546878
3.540000 0.045333 0.040236 1.600000 0.570335 -0.275099 1.922059 0.000010 -3.183394 8.855836
3.600000 0.052340 -0.113480 1.600003 0.449856 0.060021 1.959901 0.000010 -5.448366 4.419732
3.660000 0.053410 -0.129803 1.600066 0.245730 0.225619 1.997366 0.000010 1.498428 -5.274006
3.720000 0.052868 -0.029637 1.600000 0.301982 0.027625 2.034908 0.000010 -1.985112 -1.559613
3.780000 0.052545 0.028627 1.600035 0.227596 -0.030813 2.072379 0.000339 2.308849 2.331946
3.840000 0.053224 0.040302 1.600002 0.314243 0.056704 2.109908 0.163025 0.328224 -10.000000
3.900000 0.054162 0.014582 1.600501 0.326421 -0.314457 2.147024 -3.988337 0.000000 0.000000
2.640000 -0.044220 -0.724915 1.599989 0.488937 -0.600000 1.479582 -3.999624 7.947666 5.273381
2.700000 -0.079261 -0.729194 1.578957 0.774727 -0.410374 1.515541 -4.000021 -10.000000 -3.550012
2.760000 -0.103087 -0.678264 1.548911 0.489231 -0.511726 1.544090 -3.999996 -10.000000 1.464925
2.820000 -0.118758 -0.589403 1.478132 0.246699 -0.476197 1.568344 -4.000041 -8.598418 0.699797
2.880000 -0.128409 -0.477841 1.387006 0.056318 -0.460702 1.590485 -4.000157 10.000000 1.329270
2.940000 -0.133489 -0.353673 1.299617 0.272259 -0.431998 1.612079 -4.000342 10.000000 1.118789
3.000000 -0.135000 -0.221882 1.240111 0.491404 -0.407480 1.633994 -4.000597 4.884930 0.224359
3.060000 -0.133494 -0.085367 1.205729 0.602500 -0.402378 1.656736 -4.000351 3.635441 -0.197645
3.120000 -0.129111 0.052279 1.191382 0.689900 -0.407129 1.680777 -4.000162 3.299636 -0.176930
3.180000 -0.121635 0.185467 1.198078 0.775024 -0.411694 1.706575 -4.000044 2.153348 0.291587
3.240000 -0.110464 0.306067 1.226060 0.835442 -0.403512 1.734633 -3.999997 0.951413 1.118963
3.300000 -0.094554 0.405682 1.273210 0.864949 -0.368809 1.765647 -4.001153 0.353081 1.731327
3.360000 -0.072389 0.481157 1.338035 0.877283 -0.308328 1.800580 -0.945333 0.464340 1.384252
3.420000 -0.043126 0.328443 1.433188 0.898712 -0.244447 1.846729 -0.003236 0.717017 0.137003
3.480000 -0.022863 0.152419 1.524256 0.929450 -0.238574 1.889599 0.000010 -0.149787 -4.158066
3.540000 -0.012788 -0.007903 1.586951 0.923599 -0.401016 1.928666 0.000010 -8.365031 1.106273
3.600000 -0.012107 -0.182886 1.600000 0.609232 -0.359442 1.966247 0.000010 -4.583965 10.000000
3.660000 -0.020429 -0.349338 1.600000 0.435305 0.019984 2.004189 0.000010 -4.581301 5.406849
3.720000 -0.035031 -0.387760 1.600001 0.258664 0.228455 2.042747 0.000010 2.039269 -10.000000
3.780000 -0.052143 -0.313794 1.600000 0.338227 -0.161701 2.081762 0.000339 8.577039 -10.000000
3.840000 -0.073250 -0.373148 1.600000 0.679270 -0.559324 2.121524 0.163025 3.468037 -0.859161
3.900000 -0.103454 -0.600084 1.600000 0.826698 -0.595847 2.164035 -3.988337 0.100206 3.574251
3.960000 -0.120382 -0.502453 1.600000 0.829027 -0.512809 2.187268 -4.000399 -3.483899 6.656195
4.020000 -0.130356 -0.383650 1.600000 0.760553 -0.381987 2.206922 -4.000513 -2.666119 5.299479
4.080000 -0.135000 -0.250171 1.600000 0.713115 -0.287694 2.224715 -4.000281 -1.481005 3.633438
4.140000 -0.135000 -0.106826 1.600000 0.687625 -0.225157 2.241926 -4.000116 -0.367938 -0.196583
4.200000 -0.130355 0.041870 1.598324 0.681075 -0.228657 2.259728 -3.985796 0.896081 4.722024
4.260000 -0.120393 0.190282 1.600000 0.698762 -0.135454 2.279466 0.151242 1.912289 -5.905093
4.320000 -0.101326 0.027963 1.600000 0.775156 -0.371358 2.319415 -0.000317 -4.907526 6.127110
4.380000 -0.093737 -0.109604 1.600000 0.589261 -0.139265 2.357294 0.000010 -5.475777 10.000000
4.440000 -0.094125 -0.182474 1.616240 0.384911 0.233923 2.394613 0.000010 0.000000 0.000000
3.180000 -0.121635 0.185468 1.198078 0.775024 -0.411694 1.706575 -4.000044 2.091603 -0.666294
3.240000 -0.110472 0.305715 1.224001 0.833738 -0.430398 1.734647 -3.999997 0.810998 1.280261
3.300000 -0.094648 0.402992 1.266889 0.858946 -0.390604 1.765729 -4.001153 0.197711 1.774711
3.360000 -0.072791 0.473739 1.326882 0.865869 -0.328460 1.800745 -0.945333 0.365642 1.692024
3.420000 -0.044317 0.312939 1.416669 0.882811 -0.250061 1.847080 -0.003236 0.723672 0.018966
3.480000 -0.025171 0.130829 1.503557 0.914059 -0.249242 1.890259 0.000010 0.151577 -2.149279
3.540000 -0.016422 -0.031407 1.571345 0.920036 -0.333994 1.929692 0.000010 -2.335682 -3.944658
3.600000 -0.017127 -0.203006 1.600000 0.831798 -0.483015 1.967470 0.000010 -10.000000 9.852210
3.660000 -0.027348 -0.385649 1.600000 0.451134 -0.107977 2.005536 0.000010 -3.391500 10.000000
3.720000 -0.045398 -0.475286 1.600000 0.318332 0.283596 2.044694 0.000010 -1.047443 -5.085738
3.780000 -0.065922 -0.375074 1.600001 0.276786 0.081872 2.084358 0.000339 2.095163 -9.973465
3.840000 -0.087182 -0.320902 1.600000 0.360065 -0.314551 2.124106 0.163025 10.000000 -6.487516
3.900000 -0.113731 -0.474369 1.600001 0.776456 -0.584685 2.165745 -3.988337 -0.632043 -0.594151
3.960000 -0.126659 -0.355982 1.600001 0.763143 -0.597199 2.186804 -4.000399 4.829445 3.814641
4.020000 -0.133313 -0.231026 1.599771 0.852197 -0.526863 2.205242 -4.000513 -4.502643 3.867236
4.080000 -0.135000 -0.101371 1.600000 0.774016 -0.459717 2.222606 -4.000281 -2.994611 10.000000
4.140000 -0.132073 0.028930 1.600000 0.721515 -0.284411 2.240136 -4.000116 -10.000000 7.372359
4.200000 -0.124087 0.159270 1.599064 0.532450 -0.145024 2.259043 -3.985796 -1.361603 10.000000
4.260000 -0.109513 0.297760 1.600000 0.502537 0.074690 2.281014 0.151242 -4.639647 0.847574
4.320000 -0.080527 0.236725 1.600017 0.307138 0.110401 2.323130 -0.000317 -0.551526 1.920796
4.380000 -0.057334 0.316354 1.600001 0.284957 0.187641 2.363344 0.000010 -0.606742 -5.128328
4.440000 -0.033052 0.430022 1.600005 0.260409 -0.019817 2.403798 0.000010 0.558312 -1.409580
4.500000 -0.006980 0.454279 1.600000 0.283242 -0.077466 2.444696 0.000010 -0.858586 1.329078
4.560000 0.019513 0.418014 1.600002 0.248058 -0.022995 2.485677 0.000010 0.843659 0.028861
4.620000 0.045383 0.388541 1.600000 0.282522 -0.021816 2.526528 0.000010 -0.804751 0.300466
4.680000 0.070068 0.370746 1.600002 0.249897 -0.009630 2.567065 0.001016 1.103312 3.241234
4.740000 0.094261 0.378581 1.600000 0.294514 0.121441 2.607504 0.060745 0.183703 0.468985
4.800000 0.120303 0.443891 1.600003 0.301987 0.140513 2.648158 3.993414 10.000000 10.000000
4.860000 0.130816 0.255763 1.600001 0.499609 0.338135 2.667920 4.000125 3.795469 2.817314
4.920000 0.135000 0.081103 1.600000 0.566844 0.388043 2.685635 4.000287 -5.634317 -9.106899
4.980000 0.133943 -0.081948 1.601939 0.469407 0.230553 2.702929 4.000519 0.000000 0.000000
3.780000 -0.065922 -0.375079 1.599990 0.276786 0.081874 2.084358 0.000339 2.096066 -9.969735
3.840000 -0.087182 -0.320884 1.600000 0.360101 -0.314402 2.124106 0.163025 10.000000 -6.496092
3.900000 -0.113728 -0.474309 1.600000 0.776483 -0.584888 2.165744 -3.988337 -2.377643 1.182179
3.960000 -0.126655 -0.355939 1.600000 0.726412 -0.559992 2.186803 -4.000399 7.292836 1.201372
4.020000 -0.133311 -0.231090 1.599675 0.860891 -0.537839 2.205243 -4.000513 -4.329646 4.098217
4.080000 -0.135000 -0.101544 1.600000 0.785708 -0.466675 2.222608 -4.000281 -3.453744 10.000000
4.140000 -0.132079 0.028585 1.600000 0.725167 -0.291383 2.240137 -4.000116 -2.170090 1.009461
4.200000 -0.124146 0.157009 1.599318 0.684166 -0.272311 2.259030 -3.985796 -0.580304 6.743389
4.260000 -0.110049 0.279812 1.600000 0.671510 -0.125242 2.280840 0.151242 1.490664 -3.754056
4.320000 -0.084933 0.096861 1.600000 0.732896 -0.279836 2.322020 -0.000317 -6.097687 6.192591
4.380000 -0.072004 -0.035436 1.600000 0.498590 -0.041884 2.360446 0.000010 -6.346041 10.000000
4.440000 -0.066303 -0.062375 1.600000 0.259872 0.334285 2.398063 0.000010 1.731186 -7.740983
4.500000 -0.061485 0.066397 1.600005 0.325124 0.042512 2.435755 0.000010 -3.045099 -1.291673
4.560000 -0.055700 0.149345 1.600008 0.210548 -0.006081 2.473382 0.000010 9.323044 10.000000
4.620000 -0.047061 0.208121 1.600005 0.564085 0.373125 2.511302 0.000010 5.057316 5.362416
4.680000 -0.031733 0.362394 1.599165 0.759911 0.580757 2.550024 0.001016 2.120683 -2.288484
4.740000 -0.006613 0.586579 1.600004 0.846299 0.487520 2.590765 0.060745 -2.881516 -1.143040
4.800000 0.032310 0.841700 1.587198 0.717119 0.436276 2.635596 3.993414 -1.655953 0.147190
4.860000 0.068341 0.810992 1.547446 0.654001 0.441880 2.673707 4.000125 -10.000000 -0.208923
4.920000 0.094213 0.731930 1.480578 0.338392 0.435280 2.705268 4.000287 -1.478865 0.089811
4.980000 0.112099 0.622045 1.398842 0.297622 0.437734 2.732639 4.000519 10.000000 0.228835
5.040000 0.124035 0.492413 1.340948 0.544578 0.443384 2.757334 4.000450 6.834265 0.309535
5.100000 0.131430 0.349860 1.315891 0.699974 0.450429 2.780098 4.000236 2.266202 0.121186
5.160000 0.135000 0.200485 1.308643 0.748688 0.453030 2.801600 4.000093 1.845447 -0.116449
5.220000 0.135000 0.050236 1.311024 0.787506 0.450574 2.822642 4.000020 1.248432 -0.587756
5.280000 0.131339 -0.095253 1.321498 0.814276 0.437962 2.844091 4.000018 0.663293 -1.098772
5.340000 0.123566 -0.230391 1.339613 0.829411 0.412883 2.866913 4.000086 0.243812 -1.525156
5.400000 0.110803 -0.349623 1.365996 0.835586 0.374255 2.892240 4.000224 0.111179 -1.693664
5.460000 0.091663 -0.448387 1.402407 0.838833 0.324807 2.921437 4.000904 0.290279 -1.245163
5.520000 0.064185 -0.525049 1.451157 0.848897 0.281633 2.956110 4.475293 3.666973 -0.885933
5.580000 0.025631 -0.612597 1.528027 1.000000 0.245120 2.997316 0.007036 0.000000 0.000000
4.260000 -0.110048 0.279824 1.600003 0.671508 -0.125239 2.280840 0.151242 1.498167 -3.761977
4.320000 -0.084933 0.096865 1.600003 0.733203 -0.280158 2.322020 -0.000317 -6.414830 6.515385
4.380000 -0.071986 -0.034742 1.600003 0.486702 -0.029793 2.360447 0.000010 -5.770471 10.000010
4.440000 -0.066111 -0.056114 1.600003 0.269573 0.346483 2.398075 0.000010 1.083683 -10.000010
4.500000 -0.061088 0.071073 1.600003 0.310417 -0.030412 2.435764 0.000010 -2.133937 1.619764
4.560000 -0.055769 0.131907 1.600004 0.230147 0.030517 2.473380 0.000010 9.318412 10.000010
4.620000 -0.047601 0.194524 1.600003 0.583055 0.409238 2.511252 0.000010 5.023629 4.359789
4.680000 -0.032678 0.359355 1.599934 0.777271 0.577790 2.549913 0.001016 1.291263 -2.349550
4.740000 -0.007899 0.588638 1.600004 0.829739 0.482319 2.590546 0.060745 -2.828831 -1.187108
4.800000 0.030730 0.845121 1.582686 0.703006 0.429136 2.635347 3.993414 -1.520914 0.201437
4.860000 0.066940 0.815821 1.539684 0.644426 0.436893 2.673862 4.000125 -9.155676 -0.148930
4.920000 0.093124 0.737613 1.471953 0.351254 0.432124 2.705878 4.000287 2.388758 0.185580
4.980000 0.111372 0.627954 1.398670 0.417502 0.437271 2.733608 4.000519 10.000010 0.334770
5.040000 0.123669 0.497494 1.356293 0.664920 0.445553 2.758350 4.000450 2.127106 0.347482
5.100000 0.131324 0.353522 1.339269 0.712792 0.453374 2.780856 4.000236 2.015970 0.135439
5.160000 0.135010 0.202859 1.332602 0.755406 0.456236 2.801995 4.000093 1.620745 -0.122320
5.220000 0.135010 0.051468 1.334202 0.788900 0.453708 2.822661 4.000020 1.089023 -0.531501
5.280000 0.131251 -0.095129 1.342743 0.811888 0.442488 2.843770 4.000018 0.565638 -0.987091
5.340000 0.123280 -0.231289 1.357891 0.824646 0.420223 2.866326 4.000086 0.179266 -1.454838
5.400000 0.110208 -0.351109 1.380405 0.829160 0.383590 2.891506 4.000224 0.052641 -1.711064
5.460000 0.090639 -0.449369 1.412330 0.830698 0.333612 2.920715 4.000904 0.244786 -1.364728
5.520000 0.062643 -0.523973 1.456518 0.839233 0.286024 2.955584 4.475293 0.547929 -0.402936
5.580000 0.023575 -0.606765 1.514071 0.862099 0.269210 2.997313 0.007036 0.403461 0.765554
5.640000 -0.019334 -0.404790 1.576910 0.881377 0.305790 3.045096 0.000010 -0.673724 5.050027
5.700000 -0.047148 -0.220170 1.600003 0.853370 0.515723 3.086667 0.000010 -4.410983 -6.054064
5.760000 -0.063238 -0.034014 1.600003 0.681849 0.280311 3.125552 0.000010 -10.000010 -10.000010
5.820000 -0.069779 0.114779 1.600003 0.304645 -0.096893 3.163272 0.000010 1.953236 -0.156698
5.880000 -0.070595 0.129537 1.600005 0.378020 -0.102780 3.200838 0.000010 -5.434085 -0.266984
5.940000 -0.068801 0.061098 1.600003 0.174493 -0.112780 3.238292 0.000010 5.402623 1.110998
6.000000 -0.067917 -0.022087 1.600005 0.377495 -0.071034 3.275866 0.090003 -3.003395 10.000010
6.060000 -0.068596 -0.049899 1.601854 0.264505 0.305173 3.313487 -3.952433 0.000000 0.000000
5.040000 0.123668 0.497496 1.356295 0.664954 0.445559 2.758354 4.000450 -4.017443 -2.518694
5.100000 0.131317 0.353538 1.334697 0.574437 0.388810 2.780885 4.000236 -10.000010 6.499475
5.160000 0.134977 0.203410 1.298044 0.360472 0.527877 2.802282 4.000093 10.000010 -1.578137
5.220000 0.135010 0.054896 1.260593 0.576277 0.493820 2.823862 4.000020 10.000010 0.286983
5.280000 0.131580 -0.087077 1.254139 0.800736 0.500261 2.846308 4.000018 0.930781 -0.461422
5.340000 0.124437 -0.217465 1.267177 0.822953 0.489248 2.870177 4.000086 0.227380 -1.138352
5.400000 0.112920 -0.329717 1.288260 0.828913 0.459408 2.896390 4.000224 -0.146656 -2.168345
5.460000 0.096045 -0.418054 1.319025 0.824558 0.395020 2.926084 4.000904 0.082415 -3.027954
5.520000 0.072469 -0.482811 1.365777 0.827392 0.290906 2.960468 4.475293 0.893275 -1.630979
5.580000 0.040226 -0.569682 1.433135 0.862552 0.226709 2.999829 0.007036 1.073967 1.063772
5.640000 0.001717 -0.375503 1.521013 0.914456 0.278120 3.048158 0.000010 -0.279851 3.579594
5.700000 -0.022748 -0.199578 1.575570 0.902754 0.427794 3.089971 0.000010 -7.062252 -4.999760
5.760000 -0.036208 -0.018311 1.597473 0.629044 0.234021 3.128728 0.000010 -10.000010 -10.000010
5.820000 -0.041098 0.114279 1.600003 0.252837 -0.142185 3.166349 0.000010 6.577316 -10.000010
5.880000 -0.042765 0.057695 1.592579 0.500228 -0.518313 3.203961 0.000010 10.000010 -2.159833
5.940000 -0.048312 -0.177282 1.600004 0.878488 -0.600010 3.241787 0.000010 -4.205856 3.555753
6.000000 -0.062504 -0.455939 1.597773 0.716498 -0.463060 3.280303 0.090003 -7.566561 0.564640
6.060000 -0.088985 -0.746535 1.523646 0.397807 -0.439278 3.322421 -3.952433 -10.000010 0.861980
6.120000 -0.107346 -0.677923 1.423392 0.120567 -0.415380 3.350145 -4.000152 -2.511065 0.145385
6.180000 -0.119499 -0.578419 1.306198 0.056432 -0.411667 3.375685 -4.000055 -1.252863 -0.246891
6.240000 -0.127176 -0.462710 1.185041 0.024960 -0.417869 3.400804 -4.000005 10.000010 -0.887924
6.300000 -0.131690 -0.337083 1.080991 0.283909 -0.440861 3.426699 -4.000025 10.000010 -1.499749
6.360000 -0.134144 -0.204095 1.023484 0.552851 -0.481195 3.453593 -4.000115 8.509721 -1.537826
6.420000 -0.135010 -0.068848 1.017964 0.784587 -0.523073 3.480825 -4.000275 2.522723 -0.813143
6.480000 -0.133979 0.058573 1.045514 0.852416 -0.544936 3.507712 -4.000505 0.523630 0.311340
6.540000 -0.130437 0.170134 1.084565 0.866407 -0.536618 3.534431 -4.000441 -0.411257 1.559404
6.600000 -0.123804 0.263560 1.128830 0.855193 -0.494097 3.561698 -4.000228 -0.599199 2.456867
6.660000 -0.113435 0.340251 1.178046 0.837982 -0.423526 3.590422 -4.000084 -0.240308 2.530525
6.720000 -0.098433 0.404709 1.234333 0.830488 -0.344612 3.621606 -4.000014 0.412149 1.746878
6.780000 -0.077508 0.463743 1.300512 0.844818 -0.283878 3.656373 -4.015435 3.935111 0.952787
6.840000 -0.048873 0.523522 1.392759 1.000010 -0.246303 3.695811 -0.023460 0.000000 0.000000
6.060000 -0.088984 -0.746522 1.523644 0.397810 -0.439278 3.322421 -3.952433 -10.000000 -0.020277
6.120000 -0.107341 -0.677941 1.421822 0.120477 -0.439841 3.350154 -4.000152 -2.445404 0.877289
6.180000 -0.119486 -0.578555 1.302719 0.057899 -0.417391 3.375744 -4.000055 0.491651 -0.138488
6.240000 -0.127176 -0.462905 1.183916 0.070279 -0.420878 3.400925 -4.000005 10.000000 -0.689601
6.300000 -0.131739 -0.336860 1.086620 0.328745 -0.438702 3.426772 -4.000025 10.000000 -1.377597
6.360000 -0.134218 -0.202961 1.036776 0.595134 -0.475399 3.453411 -4.000115 7.064779 -1.456473
6.420000 -0.135000 -0.066498 1.034739 0.784514 -0.514442 3.480217 -4.000275 2.488615 -0.812689
6.480000 -0.133756 0.062506 1.061403 0.850461 -0.535978 3.506717 -4.000505 0.562556 0.298340
6.540000 -0.129898 0.176057 1.099316 0.865346 -0.528084 3.533177 -4.000441 -0.374090 1.550549
6.600000 -0.122842 0.271358 1.142776 0.855186 -0.485973 3.560335 -4.000228 -0.556006 2.640775
6.660000 -0.111904 0.349430 1.192110 0.839186 -0.409978 3.589113 -4.000084 -0.104362 2.967865
6.720000 -0.096093 0.415753 1.250962 0.835907 -0.316752 3.620524 -4.000014 0.766895 2.178656
6.780000 -0.073858 0.480829 1.324438 0.862904 -0.240058 3.655727 -4.015435 1.400151 0.594841
6.840000 -0.042847 0.553456 1.417644 0.919379 -0.216065 3.696061 -0.023460 1.181428 -0.092523
6.900000 -0.006554 0.381185 1.535418 0.975549 -0.220464 3.743605 -0.000010 -1.574329 -6.829566
6.960000 0.017585 0.219208 1.600000 0.910804 -0.501337 3.784731 0.000010 -10.000000 4.448997
7.020000 0.031350 0.032988 1.600000 0.526646 -0.330425 3.823147 0.000010 -1.587726 10.000000
7.080000 0.036047 -0.133567 1.600000 0.466747 0.046831 3.860873 0.000010 -6.287570 6.160809
7.140000 0.035211 -0.156854 1.600009 0.231376 0.277459 3.898307 0.000010 3.194487 -4.424456
7.200000 0.033715 -0.033472 1.600000 0.351436 0.111173 3.935891 0.000010 -4.237663 -6.076820
7.260000 0.033657 0.055278 1.600011 0.192794 -0.116321 3.973327 0.000010 4.295521 1.777013
7.320000 0.034161 0.037592 1.600002 0.354168 -0.049563 4.010895 0.000010 -4.824941 1.158777
7.380000 0.034685 0.000858 1.600003 0.173533 -0.006179 4.048332 0.000010 4.829902 0.867007
7.440000 0.034817 -0.012786 1.600002 0.354966 0.026390 4.085897 0.000010 -4.827100 -0.095692
7.500000 0.034835 -0.003373 1.600000 0.174257 0.022807 4.123333 0.000010 4.762472 -0.653325
7.560000 0.035077 0.010169 1.600000 0.353156 -0.001735 4.160897 0.000010 -4.706809 -1.068341
7.620000 0.035426 0.009914 1.600000 0.176945 -0.041731 4.198334 0.000010 4.654210 1.092366
7.680000 0.035400 -0.006066 1.600000 0.351772 -0.000697 4.235898 0.000010 -4.636576 1.120272
7.740000 0.035206 -0.008951 1.600000 0.178189 0.041243 4.273335 0.000033 4.811180 0.564641
7.800000 0.035517 0.012932 1.600001 0.358913 0.062452 4.310899 0.050118 -2.034680 -10.000000
7.860000 0.035899 0.007854 1.600490 0.282934 -0.310953 4.348240 -4.001399 0.000000 0.000000
6.600000 -0.122842 0.271358 1.142777 0.855188 -0.485973 3.560335 -4.000228 -0.731037 0.428157
6.660000 -0.111936 0.348214 1.186884 0.834127 -0.473638 3.589145 -4.000084 -0.545304 3.385284
6.720000 -0.096425 0.406756 1.235206 0.816919 -0.366810 3.620702 -4.000014 0.302253 2.481951
6.780000 -0.075151 0.457143 1.296937 0.827591 -0.279173 3.656011 -4.015435 1.187483 1.217970
6.840000 -0.046383 0.513069 1.376734 0.875215 -0.230326 3.696116 -0.023460 1.419100 0.256785
6.900000 -0.013423 0.328151 1.485343 0.943215 -0.218022 3.744034 -0.000010 0.330887 -3.287976
6.960000 0.007308 0.170383 1.569616 0.956958 -0.354579 3.785566 0.000010 -4.568996 -3.370670
7.020000 0.017982 -0.003374 1.600000 0.781694 -0.483876 3.823926 0.000010 -8.297713 10.000000
7.080000 0.019313 -0.187194 1.600000 0.470079 -0.108332 3.861480 0.000010 -4.720940 10.000000
7.140000 0.013473 -0.279817 1.600000 0.292303 0.268235 3.899137 0.000010 0.722407 -3.328688
7.200000 0.005392 -0.189427 1.600000 0.319673 0.142119 3.937024 0.000010 -2.743580 -6.736723
7.260000 -0.002368 -0.094055 1.600000 0.216061 -0.112294 3.974789 0.000010 2.981714 2.372301
7.320000 -0.010010 -0.100694 1.600000 0.328929 -0.022495 4.012643 0.000010 -3.441031 0.832165
7.380000 -0.017338 -0.121745 1.600000 0.199092 0.008904 4.050374 0.000010 3.485113 -1.282032
7.440000 -0.024771 -0.131496 1.600001 0.330945 -0.039600 4.088208 0.000010 -3.437325 0.781750
7.500000 -0.032972 -0.148490 1.600000 0.201004 -0.010047 4.126011 0.000010 4.893609 6.002188
7.560000 -0.041118 -0.134120 1.600003 0.386370 0.217309 4.163890 0.000010 -5.211219 -6.642968
7.620000 -0.046859 -0.058337 1.600001 0.190263 -0.032677 4.201522 0.000010 6.483728 -6.438335
7.680000 -0.052092 -0.065383 1.600005 0.434636 -0.275344 4.239212 0.000010 5.099925 -7.051111
7.740000 -0.060943 -0.208066 1.600000 0.627798 -0.542410 4.277087 0.000033 0.425329 5.944807
7.800000 -0.077599 -0.433543 1.600002 0.644384 -0.310538 4.316091 0.050118 2.639247 -2.089291
7.860000 -0.105315 -0.675230 1.600003 0.753827 -0.397179 4.357559 -4.001399 -1.531878 7.374129
7.920000 -0.121336 -0.559494 1.600002 0.718964 -0.229357 4.380316 -4.000260 -0.392503 -3.084390
7.980000 -0.130766 -0.417132 1.600001 0.711332 -0.289331 4.399761 -4.000491 0.305668 4.146385
8.040000 -0.135000 -0.260256 1.599225 0.716753 -0.215799 4.417495 -4.000434 0.998194 -3.142368
8.100000 -0.134628 -0.095028 1.600000 0.733963 -0.269977 4.434736 -4.000224 1.118368 -3.328282
8.160000 -0.129621 0.071040 1.597834 0.754009 -0.329636 4.452660 -4.000812 1.286487 3.727226
8.220000 -0.119280 0.231206 1.600000 0.779586 -0.255531 4.472541 -0.148619 0.960555 -5.919071
8.280000 -0.099498 0.087063 1.600000 0.816945 -0.485745 4.511435 -0.000567 -3.355543 6.834740
8.340000 -0.089894 -0.070049 1.600000 0.689174 -0.225495 4.549512 0.000010 -7.601949 10.000000
8.400000 -0.089075 -0.185692 1.618591 0.405608 0.147522 4.586814 0.000010 0.000000 0.000000
7.920000 -0.121323 -0.559322 1.599983 0.718985 -0.229355 4.380325 -4.000260 -0.382711 -3.092266
7.980000 -0.130750 -0.416946 1.600000 0.711543 -0.289487 4.399771 -4.000491 0.280858 3.704267
8.040000 -0.134984 -0.260140 1.598857 0.716525 -0.223782 4.417508 -4.000434 0.998470 -1.755056
8.100000 -0.134614 -0.095123 1.600000 0.733746 -0.254053 4.434756 -4.000224 1.225036 -3.050107
8.160000 -0.129599 0.071312 1.599575 0.755696 -0.308705 4.452674 -4.000812 1.245150 -0.164618
8.220000 -0.119241 0.232028 1.600000 0.780438 -0.311976 4.472544 -0.148619 0.866973 -2.953733
8.280000 -0.099490 0.085721 1.600000 0.814189 -0.426966 4.511474 -0.000567 -8.280181 8.680630
8.340000 -0.089811 -0.067010 1.600000 0.499208 -0.096751 4.549515 0.000010 -6.234272 8.187459
8.400000 -0.087766 -0.141430 1.600000 0.265412 0.210292 4.587016 0.000010 1.475886 -2.563629
8.460000 -0.088441 -0.068144 1.600000 0.320831 0.114028 4.624566 0.000010 -3.069014 -3.603363
8.520000 -0.089038 0.017518 1.600001 0.205866 -0.020954 4.662026 0.000010 3.353865 -1.274993
8.580000 -0.088892 0.034625 1.600000 0.331786 -0.068823 4.699571 0.000010 -3.555258 1.578290
8.640000 -0.088614 0.008203 1.600001 0.198622 -0.009708 4.737026 0.000010 3.467872 0.630619
8.700000 -0.088485 -0.007739 1.600000 0.328828 0.013970 4.774573 0.000010 -3.456292 -0.265789
8.760000 -0.088529 -0.006693 1.600000 0.199375 0.004015 4.812027 0.000010 3.421498 -0.165748
8.820000 -0.088684 -0.003306 1.600000 0.327838 -0.002208 4.849573 0.000010 -3.402525 0.522459
8.880000 -0.088819 -0.000629 1.600000 0.200397 0.017360 4.887027 0.000010 3.377276 -0.535833
8.940000 -0.088708 0.005829 1.600000 0.327199 -0.002758 4.924573 0.000010 -3.366562 -0.451933
9.000000 -0.088521 0.005338 1.600000 0.201103 -0.019685 4.962028 0.000010 3.353849 0.160138
9.060000 -0.088549 -0.004037 1.600000 0.327023 -0.013673 4.999573 0.000010 -3.318715 1.501120
9.120000 -0.088772 -0.008055 1.600000 0.202720 0.042551 5.037028 0.000010 3.280413 -1.472226
9.180000 -0.088702 0.004221 1.600000 0.325883 -0.012724 5.074573 0.000010 -3.302081 0.389821
9.240000 -0.088569 0.006400 1.600000 0.202199 0.001878 5.112030 0.000010 3.340232 -1.238423
9.300000 -0.088452 0.001176 1.600000 0.327602 -0.044617 5.149573 0.000010 -3.338609 2.217012
9.360000 -0.088767 -0.012014 1.600000 0.202550 0.038424 5.187029 0.000010 3.356158 -0.183633
9.420000 -0.088855 -0.001001 1.600000 0.328559 0.031529 5.224575 0.000010 -3.393267 -2.071445
9.480000 -0.088600 0.011374 1.600000 0.201467 -0.046055 5.262029 0.000010 3.356854 1.406474
9.540000 -0.088561 0.000749 1.600000 0.327504 0.006753 5.299576 0.000010 -3.390022 0.014071
9.600000 -0.088534 -0.002702 1.600000 0.200530 0.007280 5.337031 0.000010 3.393933 -0.968367
9.660000 -0.088600 -0.003603 1.600000 0.327955 -0.029077 5.374576 0.000571 -2.827840 4.495718
9.720000 -0.088634 0.002231 1.600069 0.222050 0.139302 5.412027 -3.851522 0.000000 0.000000
8.700000 -0.088486 -0.007742 1.599979 0.328832 0.013969 4.774574 0.000010 1.748221 10.000000
8.760000 -0.087433 0.032432 1.600000 0.394286 0.388368 4.812014 0.000010 -1.794227 -10.000000
8.820000 -0.081939 0.166008 1.600000 0.326592 0.011080 4.849743 0.000010 -2.303997 -2.747894
8.880000 -0.073295 0.221819 1.600000 0.239368 -0.092949 4.887601 0.000010 1.585295 1.723800
8.940000 -0.063287 0.192979 1.600000 0.299683 -0.027363 4.925647 0.000010 -1.547155 -1.752084
9.000000 -0.053286 0.151956 1.600001 0.240908 -0.093922 4.963636 0.000010 1.613299 5.382620
9.060000 -0.044604 0.117056 1.600007 0.302069 0.110154 5.001547 0.000010 -0.181728 1.781866
9.120000 -0.035145 0.162931 1.600000 0.295172 0.177776 5.039498 0.000010 -0.388409 -10.000000
9.180000 -0.023688 0.225457 1.600001 0.280348 -0.203834 5.077659 0.000010 0.177948 4.958225
9.240000 -0.013029 0.178569 1.600002 0.287130 -0.014836 5.115776 0.000010 2.254111 -7.285719
9.300000 -0.003900 0.111417 1.600003 0.372549 -0.290945 5.153676 0.000010 -2.795571 10.000000
9.360000 0.001006 0.006700 1.600003 0.267303 0.085541 5.191324 0.000010 0.545259 0.389678
9.420000 0.004158 0.003545 1.599661 0.287787 0.100179 5.228892 0.000010 1.484258 -10.000000
9.480000 0.006333 0.021932 1.600003 0.343439 -0.274768 5.266387 0.000010 10.000000 -8.638383
9.540000 0.004337 -0.090978 1.591628 0.719935 -0.600000 5.304037 0.000010 4.939046 1.626582
9.600000 -0.005043 -0.300948 1.600001 0.908308 -0.537962 5.342176 0.000010 -4.043288 1.854239
9.660000 -0.024315 -0.542055 1.600001 0.749214 -0.465003 5.381524 0.000571 -2.591356 0.653070
9.720000 -0.056625 -0.796145 1.557202 0.637389 -0.436821 5.424677 -3.851522 -10.000000 0.145863
9.780000 -0.084075 -0.747520 1.478851 0.299139 -0.431888 5.458502 -3.999132 -10.000000 -0.003442
9.840000 -0.103425 -0.653323 1.362150 0.003562 -0.431989 5.488060 -4.000082 8.185115 -0.470607
9.900000 -0.116815 -0.538215 1.250061 0.230097 -0.445014 5.515736 -4.000218 10.000000 -0.908288
9.960000 -0.126013 -0.409109 1.183174 0.495120 -0.469086 5.542238 -4.000425 10.000000 -1.003840
10.020000 -0.131984 -0.271464 1.162986 0.748187 -0.494490 5.567545 -4.000546 2.613341 -0.575634
10.080000 -0.135000 -0.131621 1.171714 0.811099 -0.508347 5.591618 -4.000307 1.287243 0.115502
10.140000 -0.134972 0.003909 1.191228 0.841136 -0.505652 5.614953 -4.000139 0.282252 0.899149
10.200000 -0.131659 0.130274 1.217027 0.847735 -0.484628 5.638335 -4.000040 -0.278709 1.702513
10.260000 -0.124622 0.243890 1.247717 0.840945 -0.443148 5.662699 -4.000011 -0.402060 2.223260
10.320000 -0.113131 0.342362 1.284157 0.830326 -0.384432 5.689109 -4.000053 -0.114715 2.142215
10.380000 -0.096055 0.425527 1.328564 0.826923 -0.320867 5.718781 -4.000167 0.437438 1.400238
10.440000 -0.071779 0.496099 1.383997 0.841938 -0.272802 5.753108 -4.003870 3.915717 0.846088
10.500000 -0.038166 0.557930 1.468053 1.000000 -0.238649 5.793473 1.651329 0.000000 0.000000
