180.509000 0 0.000000 15
172.044000 19 1452.786266 14
119.030000 4 240.511629 10
146.396000 23 1459.149945 13
98.816000 7 410.943469 10
85.148000 19 1369.666121 8
172.908000 7 411.143957 16
55.270000 10 791.066093 5
129.176000 7 462.104444 11
98.021000 7 406.310882 9
100.474000 16 1036.399023 11
97.776000 25 1664.987178 9
146.489000 4 254.649315 13
82.859000 13 890.835717 7
121.694000 7 438.721683 10
158.195000 19 1215.842347 14
162.580000 4 249.252312 15
59.353000 26 1645.001561 7
116.715000 7 407.876063 11
151.658000 10 695.417135 13
110.924000 26 1600.501927 13
27.580000 24 1575.310049 5
104.001000 26 1560.016289 9
