0.000000 0.000000 0.000000 1.000000 5.130630 0.000000 0.000000
0.300000 -0.013727 -0.068747 2.020694 5.159885 -0.236479 0.198941
0.600000 -0.053384 -0.139963 2.684431 5.171202 0.175150 0.327575
0.900000 -0.082300 -0.064689 3.213055 5.141804 0.175227 0.429800
1.200000 -0.096025 -0.000444 3.662262 5.133925 -0.104336 0.517164
1.500000 -0.106522 -0.017604 4.061330 5.133574 -0.019456 0.594895
1.800000 -0.116347 -0.035235 4.424500 5.133129 0.043854 0.665639
2.100000 -0.125270 -0.031448 4.759984 3.902652 0.012426 0.730996
2.400000 -0.133851 -0.025667 5.000000 -0.000000 -0.018770 0.792497
2.700000 -0.142617 -0.027039 5.000000 -0.000000 -0.000698 0.852522
3.000000 -0.151359 -0.029201 5.000000 -0.000000 -0.001066 0.912548
3.300000 -0.160135 -0.030566 5.000000 -0.000000 0.001334 0.972574
3.600000 -0.168982 -0.030891 5.000000 0.000000 0.000582 1.032600
3.900000 -0.177896 -0.030548 5.000000 0.000000 0.002847 1.092626
4.200000 -0.186756 -0.029165 5.000000 0.000000 0.004977 1.152653
4.500000 -0.195410 -0.026840 5.000000 -0.000000 0.001885 1.212678
4.800000 -0.203878 -0.025558 5.000000 -0.000000 -0.008193 1.272702
5.100000 -0.212481 -0.028327 5.000000 0.000000 -0.016671 1.332727
5.400000 -0.221648 -0.035206 5.000000 -0.000000 -0.007243 1.392755
5.700000 -0.231355 -0.039874 5.000000 -0.000000 0.020888 1.452786
6.000000 -0.242383 -0.049926 5.000000 0.000000 -0.171244 1.512827
6.300000 -0.259705 -0.102470 5.000000 0.000000 -0.052805 1.572929
6.600000 -0.282264 -0.140975 5.000000 0.000000 0.139739 1.633099
6.900000 -0.306712 -0.126977 5.000000 0.000000 -0.037101 1.693298
7.200000 -0.335452 -0.123391 5.000000 0.000000 -0.056267 1.753573
7.500000 -0.367313 -0.126526 5.000000 0.000000 0.136814 1.813911
7.800000 -0.395719 -0.078956 5.000000 0.000000 0.197833 1.874181
8.100000 -0.416148 0.005717 5.000000 0.000000 0.005382 1.934322
8.400000 -0.430560 0.045162 5.000000 0.000000 -0.186841 1.994392
8.700000 -0.445670 -0.016381 5.000000 -0.453433 -0.379089 2.054469
9.000000 -0.472572 -0.185143 4.972606 -5.166959 -0.283250 2.114883
9.300000 -0.519645 -0.407877 4.646280 -5.230466 -0.081150 2.178039
9.600000 -0.593665 -0.600590 4.284201 -5.352555 0.140370 2.247264
9.900000 -0.700495 -0.681781 3.865813 -5.567482 0.108334 2.325430
10.200000 -0.855447 -0.750000 3.342140 -2.743969 -0.192656 2.419490
10.500000 -0.982582 -0.750000 3.146303 -2.970435 -0.100193 2.490860
10.800000 -1.097014 -0.704834 2.942125 -2.990797 0.119765 2.559596
11.100000 -1.187301 -0.556171 2.746423 -2.286849 0.329156 2.625031
11.400000 -1.246618 -0.332705 2.605524 -1.365051 0.152011 2.686643
11.700000 -1.280621 -0.138950 2.524576 -0.607942 -0.037750 2.745944
12.000000 -1.295971 -0.014271 2.489142 -0.139810 -0.224265 2.804230
12.300000 -1.300000 0.035380 2.481027 0.004787 -0.410000 2.862272
12.600000 -1.300000 0.022251 2.481305 0.003232 -0.410000 2.920294
12.900000 -1.299530 -0.013473 2.481492 -0.004097 -0.396327 2.978341
13.200000 -1.300000 -0.043763 2.481255 -0.001927 -0.266130 3.036379
13.500000 -1.300000 -0.047964 2.481143 0.000534 -0.293192 3.094413
13.800000 -1.300000 -0.044931 2.481174 0.001032 -0.293492 3.152448
14.100000 -1.299677 -0.038430 2.481234 0.017537 -0.254334 3.210486
14.400000 -1.298838 -0.033325 2.482252 -0.014940 -0.410000 3.268550
14.700000 -1.300000 -0.048877 2.481385 -0.001782 -0.277016 3.326601
15.000000 -1.299707 -0.038661 2.481281 0.137475 -0.091335 3.384627
15.300000 -1.291682 0.031202 2.489282 0.735515 0.094900 3.442825
15.600000 -1.267806 0.172921 2.532714 1.474925 0.283858 3.501874
15.900000 -1.218406 0.373168 2.623447 2.526499 0.161011 3.563391
16.200000 -1.137564 0.559348 2.789520 3.422150 -0.049332 3.629124
16.500000 -1.022119 0.673784 3.031313 4.049642 -0.208140 3.699779
16.800000 -0.871725 0.709438 3.335659 4.330492 -0.260018 3.774933
17.100000 -0.688279 0.695781 3.676458 4.231021 -0.295599 3.853631
17.400000 -0.476179 0.656738 4.020311 3.841525 -0.280124 3.934900
17.700000 -0.235279 0.635606 4.343887 1.935559 -0.053998 4.019131
18.000000 0.062114 0.750000 4.524443 -4.640592 0.244510 4.112415
18.300000 0.339593 0.750000 4.106675 -3.849968 0.063974 4.202440
18.600000 0.547005 0.750000 3.792498 -3.082590 0.128067 4.284044
18.900000 0.718005 0.750000 3.556199 -2.857188 0.118365 4.360701
19.200000 0.866945 0.750000 3.346608 -3.021308 0.181607 4.434056
19.500000 1.001289 0.750000 3.131258 -3.249591 0.039816 4.505333
19.800000 1.115906 0.680793 2.908150 -2.978829 -0.179887 4.573991
20.100000 1.201412 0.507523 2.715235 -2.136512 -0.305147 4.638753
20.400000 1.255555 0.284516 2.584795 -1.201076 -0.109777 4.699806
20.700000 1.285258 0.104343 2.513938 -0.484873 0.079005 4.758800
21.000000 1.297596 -0.003862 2.485723 -0.078470 0.265216 4.816991
21.300000 1.300000 -0.039574 2.481170 0.019867 0.410000 4.875017
21.600000 1.299047 -0.021214 2.482323 0.009958 0.410000 4.933057
21.900000 1.298039 0.014975 2.482901 0.000787 0.382251 4.991135
22.200000 1.298440 0.047067 2.482947 -0.032853 0.336363 5.049218
22.500000 1.300000 0.062813 2.481039 0.005488 0.261019 5.107279
22.800000 1.300000 0.045619 2.481358 0.125246 0.075381 5.165291
23.100000 1.292026 -0.031039 2.488647 0.746983 -0.110850 5.223488
23.400000 1.267598 -0.179440 2.532781 1.532259 -0.299917 5.282571
23.700000 1.217180 -0.381813 2.627214 2.533108 -0.106634 5.344201
24.000000 1.136974 -0.553343 2.793306 3.302162 0.102955 5.409770
24.300000 1.025083 -0.652007 3.024380 3.882132 0.172840 5.479747
24.600000 0.880089 -0.687970 3.312766 4.103424 0.305459 5.554032
24.900000 0.706440 -0.667342 3.629931 3.924136 0.282339 5.631325
25.200000 0.507085 -0.631261 3.942979 3.587432 0.261655 5.711100
25.500000 0.279922 -0.624219 4.240755 3.591616 -0.003962 5.794105
25.800000 -0.002360 -0.750000 4.566479 -4.725622 -0.190727 5.884795
26.100000 -0.279959 -0.750000 4.137323 -3.551478 -0.085222 5.975610
26.400000 -0.489429 -0.750000 3.845330 -2.971264 -0.115951 6.057827
26.700000 -0.663444 -0.750000 3.615234 -2.741205 -0.127601 6.135267
27.000000 -0.815658 -0.750000 3.412214 -2.831474 -0.147916 6.209330
27.300000 -0.953015 -0.750000 3.209091 -3.133757 -0.132784 6.281067
27.600000 -1.075367 -0.718383 2.990649 -3.147507 0.090276 6.350773
27.900000 -1.172505 -0.585367 2.781918 -2.478736 0.302488 6.417090
28.200000 -1.237882 -0.369470 2.627561 -1.545045 0.187272 6.479362
28.500000 -1.276269 -0.168088 2.535446 -0.733858 -0.003512 6.538982
28.800000 -1.294538 -0.030685 2.492596 -0.192717 -0.190360 6.597372
29.100000 -1.300000 0.032437 2.481410 -0.004943 -0.376105 6.655417
29.400000 -1.300000 0.030632 2.481123 0.022715 -0.410000 6.713440
29.700000 -1.298893 -0.001663 2.482441 -0.008667 -0.410000 6.771488
30.000000 -1.299024 -0.038384 2.481938 -0.010732 -0.337417 6.829558
30.300000 -1.300000 -0.056439 2.481315 -0.003504 -0.256202 6.887600
30.600000 -1.300000 -0.047278 2.481112 0.030643 -0.204976 6.945629
30.900000 -1.298443 -0.029142 2.482891 -0.006168 -0.390750 7.003683
31.200000 -1.298787 -0.040854 2.482533 -0.024588 -0.362711 7.061760
31.500000 -1.300000 -0.050843 2.481105 0.038753 -0.176966 7.119805
31.800000 -1.296624 -0.011790 2.483356 0.464961 0.008896 7.177887
32.100000 -1.281512 0.095738 2.510544 0.978210 0.196012 7.236361
32.400000 -1.247412 0.255717 2.569094 1.741301 0.027775 7.296215
32.700000 -1.193601 0.391006 2.677023 2.159113 -0.170565 7.358196
33.000000 -1.123042 0.454725 2.815141 2.175635 -0.375270 7.422166
33.300000 -1.042302 0.439169 2.956994 2.449720 -0.410000 7.487367
33.600000 -0.955812 0.376565 3.120672 5.568243 -0.410000 7.554182
33.900000 -0.855465 0.181198 3.604970 5.333749 -0.410000 7.641157
34.200000 -0.794922 0.000064 4.033377 5.173986 -0.246849 7.721477
34.500000 -0.771029 -0.098985 4.402573 5.134500 -0.018510 7.792833
34.800000 -0.766084 -0.100689 4.739616 4.226703 0.191547 7.858476
35.100000 -0.765755 -0.029708 5.000000 -0.000000 0.085983 7.920081
35.400000 -0.765078 0.033527 5.000000 -0.000000 -0.106019 7.980081
35.700000 -0.765443 0.031553 5.000000 0.000000 -0.144888 8.040082
36.000000 -0.767702 -0.011566 5.000000 -0.000000 0.047119 8.100084
36.300000 -0.768105 -0.011893 5.000000 0.000000 0.239123 8.160085
36.600000 -0.761389 0.061563 5.000000 -0.000000 0.101225 8.220102
36.900000 -0.747698 0.131727 5.000000 0.000000 -0.090979 8.280166
37.200000 -0.731140 0.124761 5.000000 -4.385355 -0.283273 8.340258
37.500000 -0.721289 0.000063 4.729392 -5.130799 -0.332483 8.401965
37.800000 -0.729343 -0.222904 4.391681 -5.141488 -0.121857 8.467786
38.100000 -0.762406 -0.423861 4.022702 -5.193360 0.107790 8.539551
38.400000 -0.828761 -0.542251 3.604763 -5.359820 -0.123757 8.620026
38.700000 -0.959872 -0.750000 3.071495 -1.291410 -0.159527 8.719520
39.000000 -1.062565 -0.733404 2.986213 -2.741993 0.051793 8.785557
39.300000 -1.156313 -0.622030 2.804778 -2.419206 0.263533 8.851726
39.600000 -1.224602 -0.422123 2.653001 -1.649447 0.212997 8.914465
39.900000 -1.267464 -0.218900 2.553951 -0.887856 0.020835 8.974515
40.200000 -1.290486 -0.073208 2.501891 -0.332986 -0.166800 9.033151
40.500000 -1.300000 0.003130 2.482546 -0.045020 -0.290698 9.091248
40.800000 -1.300000 0.041449 2.479935 0.357847 -0.105079 9.149254
41.100000 -1.287291 0.112894 2.500801 0.898088 0.081522 9.207566
41.400000 -1.256209 0.242247 2.554281 1.721825 0.156727 9.267120
41.700000 -1.201764 0.398595 2.661116 2.429612 -0.041848 9.329175
42.000000 -1.124247 0.509157 2.818968 2.850969 -0.249766 9.394149
42.300000 -1.027923 0.536530 3.011079 2.111623 -0.410000 9.461535
42.600000 -0.922474 0.492950 3.154026 5.938986 -0.410000 9.529231
42.900000 -0.783542 0.240079 3.731286 5.431332 -0.410000 9.626429
43.200000 -0.704808 0.050746 4.158409 5.217732 -0.375276 9.705069
43.500000 -0.668077 -0.093610 4.521952 5.142608 -0.152318 9.774743
43.800000 -0.659090 -0.154450 4.851354 2.440246 0.052654 9.838797
44.100000 -0.663748 -0.128761 5.000000 0.000000 0.247580 9.899711
44.400000 -0.667253 -0.008429 5.000000 -0.000000 0.410000 9.959718
44.700000 -0.654663 0.200621 5.000000 0.000000 0.309406 10.019785
45.000000 -0.616474 0.418222 5.000000 -0.000000 0.115784 10.080291
45.300000 -0.548715 0.561971 5.000000 -0.000000 -0.081126 10.141826
45.600000 -0.454913 0.580250 5.000000 0.000000 -0.282327 10.204701
45.900000 -0.346179 0.480815 5.000000 -0.000000 -0.078095 10.268524
46.200000 -0.228436 0.392598 5.000000 0.000000 0.128167 10.332981
46.500000 -0.101702 0.409644 5.000000 0.000000 0.334979 10.398118
46.800000 0.041184 0.540898 5.000000 -3.767312 0.122292 10.464583
47.100000 0.201666 0.668845 4.736701 -5.886298 -0.101357 10.534473
47.400000 0.378717 0.713664 4.281917 -6.040844 -0.092453 10.611735
47.700000 0.580452 0.750000 3.738223 -2.927755 0.195556 10.701738
48.000000 0.744643 0.750000 3.515746 -2.814329 0.103991 10.777727
48.300000 0.889558 0.750000 3.310786 -3.046246 0.204214 10.850554
48.600000 1.021410 0.750000 3.094563 -3.260497 -0.013189 10.921534
48.900000 1.131656 0.660375 2.872588 -2.850798 -0.231046 10.989614
49.200000 1.211478 0.468810 2.690008 -1.969724 -0.269722 11.053659
49.500000 1.261197 0.250412 2.570593 -1.072988 -0.075721 11.114285
49.800000 1.287712 0.082819 2.507482 -0.394089 0.112497 11.173103
50.100000 1.298168 -0.011758 2.484569 -0.061766 0.298551 11.231245
50.400000 1.300000 -0.036065 2.480984 0.021115 0.410000 11.289276
50.700000 1.299137 -0.013482 2.482210 0.002673 0.410000 11.347315
51.000000 1.298827 0.025038 2.482365 -0.019791 0.403437 11.405382
51.300000 1.299996 0.054242 2.481216 0.000101 0.217680 11.463431
51.600000 1.300000 0.049349 2.481222 -0.002722 0.300206 11.521462
51.900000 1.300000 0.043147 2.481064 0.003547 0.291354 11.579499
52.200000 1.300000 0.040052 2.481270 -0.005383 0.325386 11.637531
52.500000 1.299971 0.038513 2.480958 0.023209 0.234562 11.695566
52.800000 1.298990 0.032183 2.482305 -0.019632 0.410000 11.753613
53.100000 1.300000 0.047673 2.481165 0.002657 0.292149 11.811668
53.400000 1.300000 0.041264 2.481319 0.104877 0.106497 11.869685
53.700000 1.292845 -0.023055 2.487420 0.694609 -0.079664 11.927860
54.000000 1.270610 -0.158658 2.528350 1.382098 -0.268223 11.986785
54.300000 1.223684 -0.355497 2.612969 2.449843 -0.196024 12.048010
54.600000 1.145022 -0.550251 2.773294 3.408367 0.013394 12.113453
54.900000 1.031028 -0.674902 3.013590 4.064447 0.239000 12.183955
55.200000 0.884735 -0.694587 3.316489 2.056441 0.410000 12.258478
55.500000 0.725094 -0.638059 3.467728 6.676430 0.410000 12.332023
55.800000 0.518936 -0.380123 4.115429 5.853724 0.410000 12.429036
56.100000 0.381807 -0.203172 4.560794 5.479071 0.390799 12.505118
56.400000 0.288826 -0.065932 4.923854 1.231845 0.178758 12.571381
56.700000 0.225318 0.020739 5.000000 0.000000 -0.019050 12.633196
57.000000 0.180162 0.037112 5.000000 -0.000000 -0.213227 12.693876
57.300000 0.141577 -0.045231 5.000000 -0.000000 -0.302485 12.754370
57.600000 0.098500 -0.194406 5.000000 0.000000 -0.108510 12.814987
57.900000 0.046420 -0.310461 5.000000 -0.000000 0.086369 12.875887
58.200000 -0.013296 -0.325270 5.000000 0.000000 0.279907 12.937065
58.500000 -0.074086 -0.238618 5.000000 -0.000000 0.084005 12.998284
58.800000 -0.134505 -0.160885 5.000000 0.000000 -0.111851 13.059489
59.100000 -0.196961 -0.171929 5.000000 -0.000000 -0.307970 13.120776
59.400000 -0.269309 -0.294343 5.000000 -3.593565 -0.296442 13.182502
59.700000 -0.359901 -0.484448 4.769412 -5.417612 -0.091107 13.246669
60.000000 -0.473853 -0.653342 4.389714 -5.565901 0.133168 13.316755
60.300000 -0.616595 -0.723634 3.944019 -5.663687 0.095642 13.396831
60.600000 -0.783186 -0.750000 3.442541 -2.609882 -0.187694 13.485373
60.900000 -0.920077 -0.750000 3.254308 -2.983823 -0.176929 13.557496
61.200000 -1.045789 -0.739283 3.044885 -3.170562 0.047667 13.627682
61.500000 -1.149600 -0.631256 2.831727 -2.677376 0.262804 13.694913
61.800000 -1.222963 -0.428703 2.662399 -1.785660 0.237100 13.758157
62.100000 -1.267785 -0.216878 2.554946 -0.924473 0.044538 13.818332
62.400000 -1.290775 -0.061292 2.500758 -0.311782 -0.143031 13.876947
62.700000 -1.299063 0.020832 2.482643 -0.023270 -0.328956 13.935049
63.000000 -1.300000 0.034932 2.481293 0.017669 -0.410000 13.993068
63.300000 -1.298879 0.008528 2.482319 0.004721 -0.410000 14.051118
63.600000 -1.298696 -0.030309 2.482593 -0.023321 -0.394131 14.109187
63.900000 -1.300000 -0.057118 2.481239 -0.002312 -0.208367 14.167239
64.200000 -1.300000 -0.049381 2.481105 0.002790 -0.300443 14.225270
64.500000 -1.300000 -0.042455 2.481267 -0.005386 -0.298013 14.283304
64.800000 -1.300000 -0.039411 2.480954 0.005678 -0.308059 14.341342
65.100000 -1.300000 -0.039091 2.481284 0.005252 -0.303434 14.399372
65.400000 -1.299380 -0.033835 2.481588 0.044851 -0.220041 14.457412
65.700000 -1.297271 -0.022435 2.484193 -0.005404 -0.402945 14.515491
66.000000 -1.297506 -0.041708 2.483879 -0.041921 -0.403168 14.573601
66.300000 -1.300000 -0.064736 2.481445 -0.003445 -0.217349 14.631669
66.600000 -1.299653 -0.041101 2.481245 0.230805 -0.031687 14.689689
66.900000 -1.289647 0.050148 2.494687 0.801405 0.154683 14.747929
67.200000 -1.261925 0.207474 2.542225 1.634225 0.213266 14.807248
67.500000 -1.209911 0.390587 2.643230 2.447009 0.016576 14.869054
67.800000 -1.132073 0.527394 2.802545 2.937256 -0.191763 14.934160
68.100000 -1.031612 0.577083 3.001966 1.880117 -0.409023 15.002053
68.400000 -0.920177 0.543420 3.129782 6.083207 -0.410000 15.070037
68.700000 -0.767094 0.293651 3.727283 5.529960 -0.410000 15.168258
69.000000 -0.673049 0.098096 4.168135 5.266444 -0.410000 15.247979
69.300000 -0.623559 -0.058987 4.536287 5.159938 -0.186303 15.317884
69.600000 -0.604155 -0.134832 4.866325 2.197916 0.018374 15.381845
69.900000 -0.601037 -0.126373 5.000000 0.000000 0.212995 15.442665
70.200000 -0.601573 -0.041635 5.000000 0.000000 0.175311 15.502665
70.500000 -0.598932 0.062166 5.000000 -0.000000 -0.016699 15.562668
70.800000 -0.592854 0.104218 5.000000 -0.000000 -0.208740 15.622681
71.100000 -0.587719 0.050646 5.000000 0.000000 -0.209078 15.682691
71.400000 -0.587443 -0.047440 5.000000 0.000000 -0.017074 15.742692
71.700000 -0.591640 -0.100040 5.000000 0.000000 0.174946 15.802698
72.000000 -0.596693 -0.067136 5.000000 -0.000000 0.151300 15.862707
72.300000 -0.600558 -0.000623 5.000000 -0.000000 -0.040717 15.922712
72.600000 -0.604192 0.025930 5.000000 -0.000000 -0.078992 15.982717
72.900000 -0.607693 0.011098 5.000000 0.000000 -0.052373 16.042722
73.200000 -0.611447 -0.016613 5.000000 -0.000000 -0.006182 16.102727
73.500000 -0.615873 -0.033744 5.000000 -0.000000 0.025780 16.162734
73.800000 -0.620779 -0.031898 5.000000 -0.000000 0.046853 16.222742
74.100000 -0.625050 -0.012689 5.000000 -0.000000 0.048508 16.282748
74.400000 -0.627467 0.012960 5.000000 -0.000000 0.002081 16.342751
74.700000 -0.628465 0.022116 5.000000 0.000000 -0.087745 16.402752
75.000000 -0.631163 -0.009720 5.000000 -0.000000 -0.164337 16.462755
75.300000 -0.639051 -0.072564 5.000000 0.000000 0.027732 16.522777
75.600000 -0.649307 -0.088826 5.000000 -0.000000 0.219846 16.582812
75.900000 -0.655866 -0.019527 5.000000 -0.000000 0.208667 16.642828
76.200000 -0.654629 0.085555 5.000000 -0.000000 0.016659 16.702831
76.500000 -0.646286 0.140005 5.000000 -0.000000 -0.175419 16.762855
76.800000 -0.636614 0.090091 5.000000 -3.692576 -0.367522 16.822887
77.100000 -0.637446 -0.085815 4.773275 -5.133564 -0.326943 16.884288
77.400000 -0.660400 -0.343430 4.437788 -5.170072 -0.117817 16.949639
77.700000 -0.715067 -0.572376 4.066822 -5.280895 0.111791 17.021392
78.000000 -0.809663 -0.679226 3.634975 -5.510817 0.130748 17.103167
78.300000 -0.960008 -0.749970 3.081502 -1.414371 -0.190528 17.203601
78.600000 -1.067614 -0.702837 2.988462 -2.885407 0.019973 17.269383
78.900000 -1.162983 -0.595497 2.797578 -2.470540 0.231670 17.335538
79.200000 -1.230875 -0.405264 2.642878 -1.633607 0.221406 17.398156
79.500000 -1.272142 -0.203886 2.545084 -0.830832 0.029842 17.458019
79.800000 -1.293022 -0.055986 2.496475 -0.257766 -0.157378 17.516526
80.100000 -1.300000 0.023449 2.481511 0.018733 -0.288660 17.574579
80.400000 -1.297180 0.063546 2.482599 0.488203 -0.102850 17.632644
80.700000 -1.281317 0.136098 2.511151 0.996963 0.084320 17.691135
81.000000 -1.247211 0.260240 2.570799 1.729925 0.058902 17.750974
81.300000 -1.192732 0.388941 2.678123 2.219100 -0.139656 17.813023
81.600000 -1.120527 0.460923 2.820583 2.286124 -0.345105 17.877226
81.900000 -1.036815 0.455472 2.970510 2.478533 -0.410000 17.942809
82.200000 -0.946547 0.396827 3.136868 5.688239 -0.410000 18.009928
82.500000 -0.838019 0.164379 3.664991 5.311179 -0.410000 18.102772
82.800000 -0.781682 -0.014216 4.083692 5.166333 -0.257847 18.181606
83.100000 -0.761576 -0.117435 4.447947 5.132248 -0.032229 18.252111
83.400000 -0.761291 -0.125475 4.781610 3.560091 0.175812 18.317124
83.700000 -0.766229 -0.054358 5.000000 0.000000 0.176776 18.378473
84.000000 -0.768317 0.038529 5.000000 0.000000 -0.015231 18.438475
84.300000 -0.767546 0.075763 5.000000 -0.000000 -0.207234 18.498476
84.600000 -0.767397 0.032292 5.000000 0.000000 -0.056415 18.558476
84.900000 -0.767383 -0.015769 5.000000 0.000000 0.041289 18.618477
85.200000 -0.767369 -0.028053 5.000000 -0.000000 0.063168 18.678477
85.500000 -0.767525 -0.014246 5.000000 0.000000 0.000076 18.738478
85.800000 -0.768308 -0.002045 5.000000 -0.000000 0.007651 18.798478
86.100000 -0.768969 0.004837 5.000000 0.000000 -0.020873 18.858479
86.400000 -0.769678 0.002469 5.000000 0.000000 -0.008134 18.918479
86.700000 -0.770369 -0.002332 5.000000 -0.000000 0.000202 18.978480
87.000000 -0.771068 -0.004825 5.000000 0.000000 0.006106 19.038481
